=== PPO Raw Episode Data ===
Training Started: 2025-09-03_15:07:54
Number of Environments: 30

Rewards env 1,Dones env 1,Rewards env 2,Dones env 2,Rewards env 3,Dones env 3,Rewards env 4,Dones env 4,Rewards env 5,Dones env 5,Rewards env 6,Dones env 6,Rewards env 7,Dones env 7,Rewards env 8,Dones env 8,Rewards env 9,Dones env 9,Rewards env 10,Dones env 10,Rewards env 11,Dones env 11,Rewards env 12,Dones env 12,Rewards env 13,Dones env 13,Rewards env 14,Dones env 14,Rewards env 15,Dones env 15,Rewards env 16,Dones env 16,Rewards env 17,Dones env 17,Rewards env 18,Dones env 18,Rewards env 19,Dones env 19,Rewards env 20,Dones env 20,Rewards env 21,Dones env 21,Rewards env 22,Dones env 22,Rewards env 23,Dones env 23,Rewards env 24,Dones env 24,Rewards env 25,Dones env 25,Rewards env 26,Dones env 26,Rewards env 27,Dones env 27,Rewards env 28,Dones env 28,Rewards env 29,Dones env 29,Rewards env 30,Dones env 30
620.124532,1,55.048712,0,48.472619,0,46.320793,0,36.662016,0,56.447269,0,337.308882,1,57.651840,0,63.663569,0,142.747318,1,55.392458,0,46.544769,0,428.610272,1,59.716575,0,622.144043,1,44.502447,0,45.653268,0,54.991975,0,45.145234,0,48.322330,0,48.297687,0,57.496099,0,72.810227,0,431.403995,1,623.377155,1,56.047490,0,44.499004,0,628.434909,1,43.981827,0,52.509145,0
46.277879,0,56.967635,0,334.630890,1,526.303113,1,53.606876,0,47.067230,0,53.391194,0,428.344881,1,530.207898,1,66.259482,0,244.289453,1,50.412666,0,45.458359,0,50.045589,0,333.152513,1,52.851255,0,54.050470,0,53.905081,0,248.475584,1,340.983272,1,53.039377,0,719.362591,1,47.618408,0,248.971078,1,153.660394,1,428.752923,1,52.303780,0,330.952544,1,809.953595,1,72.676187,0
54.329759,0,57.909757,0,533.528077,1,49.172392,0,56.272275,0,59.215625,0,45.557442,0,58.141055,0,439.330849,1,49.483584,0,45.321353,0,46.714814,0,48.416976,0,55.005799,0,68.930139,0,625.344274,1,54.500660,0,53.283388,0,236.306769,1,624.306212,1,52.949448,0,63.941342,0,529.501640,1,47.602136,0,45.324424,0,50.367732,0,533.775534,1,48.337569,0,53.216251,0,48.074573,0
67.429753,0,534.283201,1,68.833202,0,336.928497,1,628.646511,1,54.339934,0,46.360165,0,69.071774,0,335.532401,1,620.271593,1,245.104228,1,528.457332,1,45.482525,0,57.663490,0,153.467161,1,55.139602,0,525.679722,1,47.485348,0,529.217733,1,60.594337,0,49.678650,0,538.204597,1,50.533850,0,54.937876,0,331.843266,1,53.360531,0,47.825087,0,717.154781,1,536.582941,1,51.045294,0
46.549002,0,48.368238,0,61.542637,0,45.549335,0,54.136283,0,49.161988,0,45.744533,0,335.541804,1,342.492375,1,62.571331,0,49.403553,0,57.881622,0,44.971043,0,63.204360,0,172.086643,1,531.220268,1,49.217857,0,623.350068,1,56.278077,0,447.810036,1,52.952429,0,346.242340,1,142.970323,1,54.517693,0,52.527333,0,53.099405,0,49.860355,0,46.531641,0,335.251899,1,45.253027,0
48.436997,0,49.936278,0,54.168737,0,49.456847,0,45.743726,0,60.560863,0,49.596854,0,52.286358,0,47.522807,0,59.395576,0,48.047783,0,51.494765,0,55.968648,0,54.595115,0,342.022378,1,47.823383,0,49.820853,0,334.286402,1,52.104940,0,58.056251,0,57.515672,0,46.552679,0,46.024538,0,56.758878,0,48.885594,0,337.867598,1,59.688940,0,332.716178,1,58.138877,0,52.921944,0
434.136832,1,56.092755,0,56.673289,0,47.445119,0,48.942903,0,53.664072,0,51.454535,0,51.249454,0,46.818798,0,56.792677,0,44.774708,0,59.368549,0,57.302609,0,58.579145,0,443.270151,1,57.288825,0,44.402318,0,51.477721,0,443.851387,1,621.695569,1,56.703818,0,48.584648,0,809.210411,1,46.187247,0,528.130544,1,341.608865,1,623.686374,1,49.826576,0,623.781572,1,54.446757,0
242.267513,1,339.698670,1,48.502885,0,51.019853,0,59.445644,0,49.709931,0,44.193947,0,47.447515,0,47.975375,0,50.637457,0,45.283787,0,810.992407,1,49.684789,0,53.424007,0,713.482428,1,48.519506,0,624.738221,1,56.387102,0,53.599411,0,51.592592,0,47.802574,0,429.665005,1,49.570224,0,719.234223,1,53.861295,0,66.462980,0,434.109456,1,55.877202,0,337.090832,1,44.411882,0
333.554363,1,523.362674,1,51.178020,0,46.983596,0,51.479619,0,439.764041,1,50.133771,0,49.043819,0,59.176570,0,49.502169,0,624.893472,1,49.340676,0,715.373797,1,445.262429,1,433.122456,1,48.833472,0,51.967646,0,56.546625,0,51.218279,0,623.569920,1,55.892752,0,619.544129,1,619.696206,1,53.202080,0,54.764788,0,46.915318,0,337.175293,1,51.052970,0,45.165813,0,242.708413,1
44.367169,0,52.329763,0,47.768129,0,44.139758,0,50.047439,0,139.865585,1,809.633393,1,619.402210,1,44.870569,0,809.193469,1,58.106123,0,67.002938,0,45.369745,0,61.284677,0,333.145348,1,58.210493,0,538.430806,1,715.110695,1,52.821046,0,64.810210,0,449.632631,1,47.645789,0,55.540719,0,47.839230,0,56.843871,0,45.716320,0,628.940218,1,59.446775,0,48.688650,0,56.827635,0
435.389966,1,337.469368,1,52.032808,0,626.749021,1,147.030425,1,59.040669,0,71.072211,0,55.549715,0,46.885977,0,50.542197,0,528.742602,1,55.110300,0,57.726999,0,52.005745,0,151.422031,1,53.634467,0,150.836712,1,54.557345,0,47.195821,0,721.591887,1,52.592950,0,51.648456,0,426.521327,1,441.457731,1,50.448884,0,55.330816,0,57.336420,0,47.382771,0,56.901484,0,55.354433,0
44.229408,0,56.954629,0,47.027851,0,53.179777,0,531.562628,1,715.900975,1,445.228118,1,63.965445,0,47.956120,0,628.936472,1,49.137148,0,46.729650,0,47.822157,0,52.689283,0,46.068519,0,67.793133,0,47.065177,0,57.725926,0,49.069989,0,52.674005,0,47.189393,0,49.753411,0,60.033152,0,531.353060,1,47.004538,0,433.086564,1,53.267988,0,157.335744,1,57.710073,0,45.546797,0
50.009323,0,58.492504,0,433.634231,1,439.282046,1,522.459048,1,46.739458,0,432.503263,1,713.521498,1,58.912547,0,241.293613,1,140.434714,1,55.052880,0,532.300112,1,140.867317,1,60.836119,0,53.355642,0,341.704344,1,59.092759,0,50.334667,0,57.966558,0,48.783132,0,48.207372,0,151.573996,1,48.107299,0,58.828526,0,537.413590,1,439.891883,1,527.724195,1,55.278928,0,334.380286,1
58.004605,0,47.659884,0,243.942365,1,435.411849,1,53.190917,0,55.072293,0,430.211946,1,141.919639,1,245.907922,1,52.928103,0,50.563065,0,69.250349,0,46.356243,0,47.700413,0,53.095501,0,250.677075,1,56.185827,0,51.243913,0,50.960437,0,53.104919,0,51.732260,0,235.958337,1,242.638955,1,46.569148,0,56.266670,0,525.704563,1,427.439898,1,48.515448,0,48.382357,0,63.184253,0
50.890031,0,144.088894,1,47.776126,0,238.795829,1,46.079572,0,46.676481,0,51.662419,0,53.288989,0,46.919307,0,713.464606,1,435.420126,1,141.720832,1,60.262632,0,40.621839,0,56.539795,0,54.935047,0,46.007245,0,54.811945,0,618.804878,1,51.997532,0,49.569175,0,46.776860,0,44.075901,0,50.899701,0,45.173029,0,47.203068,0,51.315517,0,58.623092,0,251.077233,1,47.803934,0
625.020928,1,714.450835,1,59.138634,0,45.929608,0,537.456304,1,59.220863,0,430.227224,1,538.285555,1,54.428457,0,56.669370,0,53.575897,0,53.078854,0,49.599402,0,332.920800,1,52.675621,0,47.075138,0,58.605574,0,54.396840,0,47.171358,0,54.283614,0,59.479515,0,432.183190,1,48.518500,0,52.762372,0,47.094112,0,53.763264,0,428.876878,1,58.772601,0,49.838446,0,56.379103,0
808.919933,1,51.293601,0,809.692271,1,52.200744,0,54.211544,0,51.713723,0,58.986801,0,54.909808,0,54.927212,0,56.436511,0,44.468316,0,45.914759,0,530.283755,1,53.786035,0,46.180117,0,53.842570,0,51.508381,0,57.251391,0,524.049044,1,55.977151,0,524.742845,1,618.286997,1,428.400087,1,55.768568,0,44.412330,0,70.157068,0,48.399335,0,144.602541,1,145.877794,1,57.482325,0
241.434132,1,47.354489,0,56.916585,0,45.799166,0,55.820255,0,46.559198,0,52.365001,0,53.695150,0,57.153309,0,51.957218,0,434.697628,1,719.195583,1,47.872103,0,63.906101,0,53.415596,0,624.845757,1,44.352643,0,55.455486,0,527.265040,1,239.116694,1,528.858164,1,526.790216,1,58.568816,0,47.556019,0,46.335431,0,48.253000,0,59.860029,0,55.323929,0,58.537711,0,61.958482,0
719.548440,1,432.926061,1,52.426029,0,809.585031,1,719.277019,1,50.601947,0,525.427963,1,719.188493,1,47.821577,0,238.530582,1,51.688471,0,58.340014,0,50.977752,0,53.889079,0,237.203402,1,522.792104,1,46.634901,0,716.475722,1,808.916076,1,54.501797,0,629.024770,1,143.390766,1,52.698422,0,523.711763,1,56.917308,0,47.111474,0,340.515620,1,59.318856,0,714.354952,1,48.579547,0
530.625079,1,338.894229,1,64.596723,0,57.296685,0,255.434118,1,54.288061,0,524.299861,1,57.475131,0,619.056174,1,57.316979,0,48.400570,0,432.693218,1,53.179325,0,527.794459,1,61.712086,0,45.763032,0,51.998531,0,524.326475,1,51.689082,0,54.926692,0,49.313231,0,63.157956,0,53.268124,0,355.407104,1,50.172312,0,48.004125,0,56.757413,0,809.617603,1,52.672108,0,56.063739,0
52.879878,0,50.545220,0,51.715023,0,51.179235,0,429.566231,1,719.484211,1,619.813745,1,143.064573,1,714.731534,1,45.486576,0,54.125084,0,52.970833,0,332.341397,1,56.324702,0,332.299416,1,428.563134,1,55.071000,0,50.698900,0,55.521024,0,58.063718,0,53.596643,0,51.492402,0,54.331964,0,55.898568,0,622.215733,1,44.202919,0,51.463315,0,331.706960,1,429.407599,1,63.557064,0
46.399845,0,46.938655,0,35.626169,0,56.240896,0,143.135077,1,53.106444,0,56.079092,0,342.113155,1,530.890607,1,58.383668,0,60.590036,0,339.393896,1,523.788245,1,55.785882,0,719.456420,1,53.160974,0,336.468384,1,810.444947,1,48.472747,0,331.539289,1,48.308955,0,44.659668,0,46.563462,0,245.439971,1,47.657883,0,56.254046,0,355.349763,1,625.699624,1,427.443567,1,529.007241,1
141.002875,1,47.846746,0,620.842382,1,53.081183,0,46.687074,0,53.248800,0,336.612001,1,56.372370,0,809.680930,1,47.866181,0,49.541472,0,58.508278,0,429.262062,1,432.560072,1,428.678671,1,57.969900,0,716.344223,1,50.882526,0,52.847810,0,54.845943,0,52.169155,0,47.268873,0,46.535249,0,522.939521,1,716.356165,1,620.256269,1,69.965966,0,56.583201,0,56.544509,0,56.482046,0
50.079230,0,53.146743,0,51.417526,0,56.066295,0,57.386952,0,44.939738,0,48.760620,0,57.574517,0,54.587896,0,58.619525,0,53.893842,0,621.054571,1,75.029689,0,533.821450,1,152.346070,1,48.378083,0,55.565070,0,238.986002,1,58.554112,0,53.724729,0,52.738421,0,57.976070,0,55.146418,0,57.654718,0,58.762540,0,57.370092,0,48.611447,0,242.497268,1,624.535353,1,621.557654,1
536.508722,1,54.866250,0,714.239697,1,438.052634,1,65.279378,0,65.187667,0,50.639423,0,620.472656,1,45.902597,0,429.072818,1,51.234848,0,140.330188,1,61.783306,0,809.372511,1,619.938933,1,526.379298,1,50.013982,0,48.677142,0,617.756457,1,343.991271,1,54.574321,0,56.894343,0,58.363095,0,56.393751,0,53.107659,0,59.421672,0,53.489511,0,147.164111,1,809.913615,1,619.764286,1
52.306939,0,623.531171,1,346.322562,1,52.509985,0,522.906398,1,49.808141,0,51.696886,0,809.444121,1,430.785953,1,49.013169,0,48.371615,0,720.812639,1,54.868842,0,155.981948,1,60.046555,0,339.014195,1,529.387452,1,330.990421,1,70.052482,0,46.956739,0,810.117503,1,144.817003,1,52.669719,0,52.477662,0,338.892391,1,45.217802,0,44.764539,0,48.979951,0,432.051094,1,143.540755,1
619.338647,1,51.505214,0,70.704556,0,50.726307,0,57.122164,0,624.090712,1,620.867234,1,718.549911,1,144.092086,1,46.974707,0,524.639693,1,246.441528,1,535.226642,1,253.238102,1,624.294059,1,52.105137,0,334.137120,1,62.839240,0,532.398853,1,809.702688,1,46.833609,0,809.318057,1,46.792661,0,809.966221,1,58.409389,0,47.848630,0,237.471318,1,527.341273,1,620.416407,1,524.318622,1
719.572327,1,50.425280,0,51.007851,0,523.731594,1,238.732252,1,48.824650,0,719.141297,1,57.613260,0,52.259558,0,50.401246,0,54.423367,0,57.459506,0,64.817047,0,53.743338,0,718.716317,1,152.511305,1,51.701303,0,66.663462,0,47.050662,0,529.015736,1,147.814472,1,54.309726,0,52.825394,0,54.989412,0,47.295788,0,242.315584,1,238.795021,1,534.846650,1,45.423607,0,62.288710,0
427.728078,1,51.998038,0,57.578470,0,55.376518,0,56.531817,0,339.096171,1,55.778518,0,45.735677,0,64.432081,0,624.285540,1,55.866212,0,48.135456,0,52.498110,0,52.965003,0,53.226039,0,44.726855,0,51.835857,0,248.070465,1,621.498482,1,52.013236,0,439.475561,1,339.386964,1,619.404109,1,59.971751,0,55.526367,0,56.598201,0,341.631563,1,715.153107,1,432.956588,1,46.553015,0
46.017771,0,809.923950,1,53.699797,0,51.529852,0,430.630678,1,714.572664,1,45.945667,0,59.417023,0,442.252956,1,48.531486,0,529.363982,1,713.478834,1,717.893812,1,338.251354,1,46.405249,0,438.560675,1,527.443072,1,523.739388,1,146.030513,1,53.775022,0,338.085111,1,50.125894,0,437.744353,1,57.897555,0,47.777418,0,438.732008,1,617.679738,1,46.263191,0,51.138451,0,622.015250,1
339.001654,1,52.527828,0,54.447541,0,433.129049,1,339.763643,1,59.255834,0,713.683700,1,246.037274,1,146.180360,1,532.372050,1,718.591527,1,58.740530,0,716.209281,1,720.388591,1,618.723704,1,48.137050,0,247.506004,1,438.741564,1,431.700093,1,810.217675,1,241.486238,1,71.633025,0,68.374545,0,525.368425,1,619.586156,1,48.489437,0,48.996392,0,245.419875,1,53.171466,0,339.200672,1
53.633673,0,332.589556,1,433.016806,1,50.484068,0,46.702770,0,339.294269,1,46.615485,0,719.387532,1,46.924218,0,54.543685,0,620.063378,1,625.237382,1,147.180265,1,54.486408,0,445.011723,1,534.127509,1,67.747221,0,54.149198,0,145.518224,1,429.094782,1,437.424369,1,49.549876,0,426.993849,1,141.900035,1,524.091756,1,68.618316,0,53.409964,0,238.394003,1,535.454279,1,243.237807,1
46.511212,0,47.017428,0,51.947649,0,46.630514,0,60.951651,0,53.417113,0,55.657323,0,52.999628,0,535.238335,1,523.261586,1,530.129440,1,69.277472,0,338.679556,1,53.816406,0,48.260846,0,56.166360,0,718.770146,1,68.201864,0,57.677762,0,58.720572,0,60.770577,0,54.048103,0,47.441686,0,56.074569,0,63.709212,0,39.179440,0,46.352930,0,52.235257,0,626.742687,1,241.615652,1
245.242965,1,433.389655,1,619.256436,1,49.521978,0,529.040600,1,79.904017,0,58.413089,0,524.678786,1,624.062703,1,56.329873,0,428.703538,1,59.388709,0,54.215581,0,809.968799,1,48.730977,0,624.957161,1,240.382103,1,52.324684,0,434.073259,1,163.378583,1,53.662636,0,47.415176,0,625.336819,1,619.337270,1,48.351646,0,628.549909,1,810.170118,1,431.498706,1,243.006502,1,431.126625,1
52.285765,0,48.440066,0,49.365360,0,719.933541,1,147.077279,1,533.387308,1,530.000147,1,335.259297,1,623.991587,1,261.139373,1,245.583542,1,432.678768,1,58.211314,0,57.397258,0,251.932083,1,357.307524,1,51.035915,0,52.877637,0,45.576014,0,810.111094,1,434.915179,1,46.375482,0,809.477298,1,54.608051,0,528.737016,1,54.145082,0,148.923740,1,53.604524,0,624.692875,1,47.641071,0
50.330628,0,53.917265,0,523.560074,1,62.042566,0,47.269568,0,717.094124,1,50.809806,0,719.210928,1,55.778086,0,530.633677,1,436.374703,1,619.786000,1,242.301847,1,436.590005,1,47.044602,0,523.658277,1,618.422915,1,440.797081,1,54.601088,0,433.198134,1,56.282423,0,46.166588,0,158.118949,1,47.918555,0,718.960030,1,624.758642,1,57.933235,0,146.362396,1,335.520941,1,83.980452,0
50.246843,0,56.223127,0,43.606715,0,809.573037,1,149.583883,1,46.870772,0,53.018916,0,57.496770,0,55.491896,0,47.447905,0,45.157482,0,67.302758,0,50.304522,0,237.335715,1,522.987902,1,66.196009,0,533.060715,1,51.613959,0,530.373383,1,622.230994,1,47.123307,0,52.978272,0,43.482350,0,622.890678,1,528.464228,1,809.376922,1,53.894542,0,432.832988,1,620.763572,1,69.521665,0
56.186438,0,44.157959,0,619.013543,1,809.962656,1,527.069852,1,236.149758,1,53.043988,0,54.165169,0,49.565722,0,53.577272,0,446.596164,1,336.155572,1,528.075300,1,59.611443,0,151.793360,1,264.988284,1,53.239803,0,714.088897,1,64.701355,0,522.446145,1,248.043557,1,67.405935,0,52.711668,0,57.476159,0,60.676764,0,714.883708,1,53.215052,0,66.490650,0,44.804962,0,47.961871,0
44.878952,0,60.702019,0,344.958917,1,51.232270,0,443.308499,1,68.642746,0,718.969190,1,626.483936,1,621.959133,1,49.705025,0,54.421069,0,617.730830,1,53.373624,0,241.531098,1,437.558514,1,55.386445,0,68.433635,0,332.334706,1,623.894078,1,48.417970,0,56.885102,0,810.026817,1,70.695009,0,51.529905,0,348.199577,1,719.148656,1,719.492044,1,526.834929,1,717.031447,1,48.603201,0
45.567359,0,536.995257,1,49.551893,0,333.221032,1,64.045948,0,50.164953,0,524.550385,1,625.713593,1,533.103297,1,47.483980,0,529.706532,1,429.323011,1,619.651491,1,147.246305,1,45.332956,0,810.070255,1,52.512414,0,719.931086,1,54.240358,0,50.161186,0,809.445623,1,809.433595,1,719.180815,1,49.962679,0,53.874865,0,52.917656,0,66.706216,0,56.569834,0,434.097879,1,525.082863,1
63.015079,0,336.201187,1,716.845710,1,432.110238,1,56.402882,0,241.725590,1,61.394028,0,143.216923,1,44.940447,0,719.380240,1,437.661591,1,147.354574,1,714.748776,1,52.897740,0,436.482056,1,336.644778,1,49.674957,0,433.242739,1,46.086229,0,54.542427,0,57.639298,0,713.488636,1,713.269685,1,620.335258,1,535.421710,1,432.740168,1,148.432915,1,433.902574,1,55.283549,0,628.163590,1
530.601917,1,238.479752,1,622.975769,1,56.493491,0,809.799909,1,67.092491,0,52.750566,0,58.271403,0,334.967631,1,53.339994,0,58.363385,0,142.216657,1,69.157450,0,339.843796,1,625.318568,1,429.922234,1,527.371219,1,51.584192,0,716.835132,1,714.069079,1,525.754408,1,336.171226,1,50.206699,0,47.833365,0,57.864813,0,433.521120,1,719.471354,1,53.679793,0,45.831774,0,718.802267,1
627.376681,1,337.708855,1,56.472216,0,240.177576,1,52.682015,0,628.911895,1,720.380526,1,355.312110,1,35.544386,0,339.805061,1,52.720544,0,52.393147,0,719.155148,1,50.028677,0,47.919518,0,811.536693,1,714.584509,1,66.473124,0,54.310736,0,53.008671,0,238.124940,1,46.123057,0,431.642191,1,719.206336,1,719.307793,1,53.064798,0,51.605743,0,54.988229,0,808.960420,1,333.967335,1
47.540636,0,809.859082,1,46.686818,0,46.449973,0,623.433869,1,146.199860,1,435.363974,1,532.728184,1,336.418021,1,533.118380,1,624.503877,1,52.117262,0,236.729897,1,58.276522,0,51.859491,0,55.240187,0,618.145940,1,525.683090,1,59.177129,0,344.874872,1,432.508406,1,427.861949,1,330.683819,1,439.348542,1,429.743471,1,713.764783,1,44.377501,0,237.058439,1,49.379214,0,55.369558,0
619.634300,1,809.569571,1,56.073046,0,45.033200,0,338.022297,1,717.669180,1,54.962895,0,345.200756,1,47.839577,0,627.112413,1,332.394999,1,47.607451,0,222.638473,1,54.935485,0,618.342934,1,68.843991,0,619.727393,1,434.013582,1,809.084972,1,48.070068,0,241.273144,1,243.567147,1,142.589047,1,145.278888,1,57.568148,0,618.049701,1,332.076143,1,239.466945,1,242.428931,1,73.087284,0
48.024947,0,55.864539,0,55.535729,0,52.093155,0,68.548506,0,428.018620,1,49.451509,0,624.242414,1,246.927874,1,52.181816,0,713.986170,1,65.542279,0,151.941066,1,528.985826,1,45.366939,0,809.461623,1,55.976556,0,432.234425,1,58.218362,0,57.295784,0,49.053758,0,342.758592,1,340.493164,1,523.162580,1,536.043829,1,47.538708,0,433.763087,1,52.031858,0,719.278049,1,48.178221,0
44.763115,0,54.515343,0,439.541906,1,55.016018,0,53.965022,0,238.376505,1,263.357058,1,434.432371,1,80.560748,0,244.264307,1,238.583794,1,618.123257,1,35.892298,0,716.931729,1,809.747558,1,715.714579,1,333.799048,1,716.790829,1,50.765445,0,527.234858,1,719.782994,1,620.017874,1,714.539002,1,713.998475,1,715.946127,1,620.534518,1,811.134322,1,532.070653,1,240.172539,1,56.546054,0
341.547130,1,533.457636,1,51.007146,0,152.541109,1,55.609705,0,524.851077,1,429.780470,1,53.943912,0,530.782539,1,627.670638,1,51.281152,0,332.680470,1,49.842356,0,56.744879,0,530.056933,1,45.698491,0,429.542804,1,428.135786,1,52.054962,0,719.285845,1,53.337400,0,340.733417,1,621.235000,1,336.768515,1,437.445347,1,50.362365,0,717.240322,1,236.813942,1,51.750673,0,238.634410,1
810.283688,1,338.585179,1,61.184802,0,56.619039,0,716.567316,1,623.026479,1,428.348040,1,51.848893,0,336.571393,1,62.179081,0,51.791749,0,626.064175,1,58.981144,0,243.667772,1,527.673749,1,341.682769,1,357.499998,1,430.585903,1,338.020905,1,58.226017,0,621.997797,1,51.085527,0,620.467055,1,342.336008,1,721.098818,1,438.241382,1,257.104947,1,716.035982,1,149.729117,1,529.129542,1
719.571218,1,54.390957,0,337.342553,1,60.846180,0,809.767894,1,619.228085,1,621.214298,1,809.203129,1,51.776414,0,66.688124,0,69.558321,0,620.709897,1,618.654969,1,244.448684,1,432.478774,1,525.900934,1,526.241307,1,719.416630,1,48.696685,0,337.223728,1,437.531041,1,717.366797,1,434.319788,1,526.907503,1,714.168626,1,534.786204,1,528.908157,1,143.824785,1,522.444671,1,527.559347,1
530.202231,1,522.360463,1,50.557818,0,34.015769,0,44.243564,0,53.231471,0,55.406537,0,59.741659,0,621.212207,1,48.952951,0,63.467570,0,246.429645,1,337.392050,1,626.218715,1,714.780960,1,428.844873,1,717.095076,1,714.935408,1,334.880364,1,623.124410,1,714.521974,1,529.595739,1,714.911528,1,346.472043,1,438.095560,1,623.729276,1,50.331938,0,530.735599,1,245.907378,1,53.186880,0
245.035340,1,533.982356,1,810.039893,1,67.653659,0,713.931076,1,59.246107,0,623.462451,1,713.739628,1,716.372045,1,49.604580,0,356.444213,1,617.772798,1,39.579029,0,438.774028,1,617.488534,1,714.024895,1,57.945789,0,52.648154,0,714.375754,1,248.401252,1,68.981353,0,57.814862,0,533.771212,1,52.963038,0,523.313376,1,625.898542,1,344.735761,1,523.644111,1,50.160008,0,57.055844,0
55.228820,0,334.006067,1,713.392166,1,715.317317,1,334.169425,1,532.426900,1,713.794233,1,717.513709,1,246.932692,1,525.557499,1,58.216935,0,84.324916,0,527.148920,1,235.913173,1,264.483857,1,527.662447,1,331.425020,1,69.263818,0,523.526448,1,715.392694,1,618.770356,1,70.645624,0,624.943946,1,56.951602,0,809.747439,1,531.063034,1,523.200845,1,620.577380,1,345.870129,1,70.742167,0
68.408669,0,715.063456,1,713.393832,1,715.607437,1,714.622772,1,618.998379,1,433.926882,1,58.318255,0,436.923291,1,620.819650,1,620.678109,1,624.996253,1,619.588384,1,533.335502,1,52.540234,0,532.115139,1,533.535979,1,58.756451,0,55.440666,0,428.783143,1,148.628790,1,437.676653,1,810.989585,1,53.531624,0,58.586322,0,714.804073,1,238.134379,1,627.240448,1,145.054486,1,621.761291,1
46.646389,0,51.972217,0,48.595988,0,619.151210,1,623.738881,1,713.951463,1,56.326573,0,715.022398,1,48.779840,0,48.507253,0,235.627657,1,714.381813,1,434.429707,1,57.161515,0,719.385510,1,338.923524,1,444.768273,1,623.415007,1,626.924981,1,30.439276,0,55.008157,0,437.008942,1,629.058747,1,623.539384,1,159.679110,1,623.847096,1,53.607180,0,623.596051,1,626.191838,1,66.365596,0
49.373878,0,714.904611,1,331.516310,1,235.757294,1,525.187060,1,713.921507,1,714.363582,1,61.941266,0,430.205837,1,524.454646,1,623.679433,1,65.070172,0,617.739243,1,621.056364,1,246.708789,1,438.044422,1,810.212939,1,61.984487,0,43.122690,0,715.679132,1,713.206364,1,525.714881,1,340.859710,1,628.869778,1,620.172099,1,145.123689,1,713.855383,1,433.863378,1,53.240713,0,531.072812,1
717.002778,1,54.243153,0,69.982988,0,713.738142,1,246.404553,1,67.988921,0,242.603332,1,429.350028,1,623.009245,1,146.827939,1,716.305036,1,435.726017,1,430.149645,1,335.226627,1,435.059024,1,143.786910,1,619.322427,1,341.443271,1,431.978422,1,433.706337,1,53.626366,0,620.750657,1,530.916694,1,353.929315,1,433.119038,1,714.454353,1,341.255896,1,522.036117,1,50.501540,0,619.896036,1
434.910558,1,526.788595,1,141.988803,1,527.330414,1,620.487855,1,525.572629,1,257.058206,1,527.439455,1,47.354674,0,623.819681,1,160.365459,1,715.359869,1,247.375588,1,717.427510,1,344.571601,1,623.411249,1,51.804658,0,428.173052,1,624.192746,1,523.069146,1,715.742190,1,526.132220,1,62.203174,0,64.638695,0,40.099643,0,48.063986,0,45.128991,0,529.206304,1,236.155687,1,58.269965,0
56.173282,0,49.788806,0,714.622534,1,619.070219,1,45.769279,0,715.881094,1,428.788649,1,436.327366,1,620.842957,1,238.835700,1,51.139954,0,530.783781,1,624.023178,1,621.123205,1,431.535223,1,55.999989,0,715.517408,1,719.360542,1,619.593906,1,619.966351,1,626.703634,1,622.560859,1,63.248234,0,336.034504,1,154.491899,1,47.928447,0,51.876551,0,51.899519,0,624.585754,1,621.300539,1
619.541234,1,526.407196,1,809.285125,1,529.351298,1,623.987471,1,623.562453,1,334.476446,1,523.557293,1,713.359398,1,716.774913,1,334.110980,1,621.756724,1,720.703098,1,331.943835,1,526.429725,1,66.881083,0,434.766778,1,68.589240,0,528.897274,1,523.333873,1,527.897428,1,55.896491,0,619.917618,1,145.909717,1,713.806278,1,45.866235,0,58.434898,0,334.831100,1,334.498326,1,523.115103,1
530.837698,1,809.414198,1,620.390798,1,809.778864,1,336.904992,1,623.261899,1,618.925936,1,620.266757,1,623.461108,1,621.886843,1,434.386301,1,621.154893,1,622.144417,1,621.251706,1,142.624410,1,626.123105,1,525.247944,1,620.850637,1,333.186941,1,713.765975,1,75.165425,0,45.811769,0,626.887858,1,714.144834,1,809.525580,1,624.699592,1,48.949596,0,525.181685,1,255.411660,1,253.169527,1
623.679187,1,55.469204,0,71.461639,0,530.501698,1,716.972343,1,73.459960,0,529.278642,1,624.409616,1,522.230864,1,66.639151,0,716.161385,1,54.792028,0,627.457352,1,715.780684,1,71.179239,0,621.887100,1,620.238765,1,625.252355,1,714.174931,1,624.573188,1,338.569750,1,715.751852,1,623.397240,1,628.583099,1,625.942330,1,52.990113,0,714.805076,1,810.709803,1,347.590851,1,528.557012,1
716.098023,1,54.125509,0,618.169255,1,524.168760,1,256.112808,1,241.046468,1,618.907488,1,533.645139,1,434.623634,1,622.164370,1,528.667507,1,433.823807,1,533.355615,1,623.974725,1,714.400271,1,236.414159,1,67.164916,0,528.936429,1,623.261852,1,333.850411,1,618.523141,1,528.018447,1,53.834639,0,623.413503,1,525.497917,1,62.638161,0,61.616997,0,435.052299,1,528.229903,1,623.434804,1
64.173734,0,714.137348,1,618.401071,1,620.603248,1,57.203631,0,67.641026,0,50.133818,0,338.650454,1,151.753067,1,715.122144,1,51.832119,0,524.295382,1,62.481276,0,153.974172,1,529.043974,1,533.342684,1,531.432646,1,714.505291,1,238.305625,1,49.893587,0,626.935257,1,715.293845,1,525.664128,1,341.175711,1,524.514163,1,526.875245,1,715.130604,1,715.487664,1,152.385210,1,60.572222,0
715.946667,1,333.886476,1,435.006009,1,716.075638,1,67.067220,0,57.910453,0,809.794620,1,69.182759,0,717.064469,1,534.947070,1,61.872549,0,337.127447,1,714.239222,1,523.128297,1,714.995626,1,432.855186,1,623.888419,1,713.509206,1,621.315759,1,57.501611,0,713.896106,1,66.015423,0,713.796889,1,533.478168,1,58.854827,0,239.948367,1,524.471760,1,336.646758,1,714.363430,1,339.713850,1
348.126822,1,809.573129,1,50.312215,0,623.359630,1,242.967189,1,66.291059,0,51.358646,0,341.541331,1,249.717444,1,715.670997,1,719.883571,1,427.398271,1,146.720815,1,337.439542,1,713.469378,1,623.464780,1,619.062086,1,70.409665,0,530.765138,1,625.311448,1,349.756957,1,241.014099,1,46.382778,0,715.720831,1,716.545984,1,49.884365,0,714.223022,1,713.843423,1,57.914588,0,58.642776,0
617.946640,1,623.702043,1,621.152095,1,623.309652,1,715.794215,1,713.725150,1,618.067466,1,619.076266,1,624.493548,1,66.968916,0,56.881519,0,623.991704,1,522.358592,1,55.897921,0,714.298442,1,530.818832,1,714.919817,1,46.325255,0,625.440484,1,719.300929,1,528.884268,1,624.018358,1,624.491554,1,533.670121,1,713.611098,1,63.290220,0,715.340724,1,619.008705,1,714.612781,1,333.304503,1
623.278294,1,628.619127,1,59.252520,0,52.513821,0,534.659296,1,619.358679,1,427.288663,1,623.854086,1,625.508473,1,140.823565,1,809.113218,1,714.253984,1,522.723106,1,714.483948,1,244.493343,1,528.746674,1,533.454525,1,347.635268,1,68.354407,0,57.287786,0,622.203987,1,529.225315,1,716.235845,1,528.575523,1,432.484389,1,56.176472,0,714.245276,1,50.615162,0,146.993927,1,529.203059,1
623.371733,1,524.144383,1,56.816674,0,529.113924,1,337.080144,1,70.414589,0,53.426446,0,619.875873,1,714.664727,1,45.744699,0,55.258528,0,235.865742,1,714.603769,1,618.685753,1,345.971072,1,64.481389,0,56.926416,0,55.228057,0,714.012594,1,809.782244,1,54.683289,0,55.550260,0,237.569989,1,260.789666,1,713.639959,1,528.026658,1,336.536029,1,429.064275,1,60.281681,0,714.094418,1
164.620079,1,37.512555,0,431.813177,1,51.261338,0,530.579902,1,52.875765,0,432.586291,1,620.024331,1,52.993541,0,623.752173,1,48.086168,0,57.200855,0,620.341425,1,625.524537,1,58.705249,0,252.605705,1,713.538765,1,65.476199,0,436.578260,1,618.377643,1,57.046345,0,714.318764,1,716.126248,1,58.249684,0,437.393273,1,715.760216,1,714.351187,1,432.566001,1,624.406722,1,713.669248,1
63.583221,0,340.471863,1,59.350524,0,429.111462,1,59.049536,0,332.071658,1,53.537950,0,713.568157,1,61.069247,0,623.782087,1,719.212296,1,48.505474,0,65.316596,0,54.587513,0,625.523201,1,619.051582,1,715.600456,1,54.068741,0,618.736434,1,714.591088,1,145.076415,1,714.835332,1,528.841106,1,61.486370,0,337.642476,1,623.987911,1,240.014723,1,54.557552,0,530.525753,1,620.000018,1
428.226672,1,433.183066,1,434.390518,1,714.359814,1,618.998075,1,524.702508,1,623.713031,1,62.810220,0,428.125020,1,713.960129,1,341.212803,1,58.781182,0,530.734739,1,239.313176,1,58.187438,0,528.015017,1,432.124018,1,54.753793,0,527.344341,1,53.266967,0,713.876320,1,334.231200,1,527.713210,1,53.584302,0,54.830566,0,332.910252,1,715.427839,1,618.004210,1,619.327876,1,55.899995,0
618.254244,1,628.602819,1,810.799208,1,719.225643,1,715.290326,1,241.523973,1,714.661958,1,623.001775,1,54.399089,0,342.140321,1,55.928406,0,527.690745,1,51.594505,0,523.457162,1,714.752127,1,74.559978,0,58.840793,0,57.381364,0,618.701935,1,525.416010,1,714.303097,1,623.444656,1,713.542288,1,59.655814,0,714.620672,1,714.428346,1,524.990147,1,52.308889,0,719.087647,1,52.647714,0
147.846858,1,442.000417,1,525.801249,1,714.506086,1,619.377448,1,237.960346,1,48.110416,0,246.051630,1,54.741719,0,57.224607,0,623.779044,1,713.642610,1,57.416561,0,522.830685,1,54.621825,0,810.229083,1,715.172725,1,339.099956,1,52.668544,0,53.186674,0,714.083016,1,58.958241,0,810.308620,1,618.610081,1,623.827595,1,625.069595,1,715.424380,1,713.759773,1,52.889012,0,51.197387,0
530.474686,1,621.545545,1,623.965958,1,523.910907,1,809.881549,1,441.814760,1,148.959607,1,54.571102,0,810.376060,1,145.730117,1,720.087085,1,49.790231,0,51.355359,0,525.385054,1,59.864530,0,250.499160,1,623.497519,1,623.738068,1,524.447887,1,713.942660,1,622.847936,1,57.421266,0,713.984526,1,54.613669,0,433.930682,1,623.073226,1,624.015905,1,429.681223,1,146.897447,1,60.158873,0
55.828340,0,620.040582,1,618.245692,1,714.833832,1,165.147640,1,627.000593,1,620.387508,1,58.083187,0,428.171568,1,334.182828,1,55.779463,0,336.810094,1,54.855599,0,160.472256,1,618.188901,1,713.845030,1,245.490077,1,342.220244,1,809.541638,1,714.647767,1,529.099291,1,619.229623,1,619.279659,1,69.639801,0,528.511649,1,56.134941,0,623.649011,1,624.502403,1,339.429446,1,163.744302,1
528.404744,1,623.410817,1,333.531981,1,624.079942,1,809.501791,1,250.528612,1,626.940591,1,526.311888,1,624.034763,1,247.466413,1,431.978528,1,528.148386,1,713.481090,1,623.809398,1,713.915895,1,435.040337,1,56.164673,0,53.041040,0,524.362202,1,57.783815,0,243.964316,1,525.424559,1,533.085870,1,713.389015,1,77.925873,0,65.842429,0,56.941232,0,715.338695,1,67.506375,0,431.531942,1
524.645818,1,65.193310,0,714.764064,1,534.821921,1,810.564692,1,59.773281,0,146.397609,1,529.020693,1,53.558306,0,713.454753,1,59.837496,0,336.562238,1,718.991201,1,527.704668,1,50.314539,0,442.223563,1,533.223306,1,46.979304,0,811.359519,1,53.189493,0,525.328806,1,51.706452,0,533.683356,1,714.899799,1,57.618662,0,527.458780,1,255.662954,1,154.141676,1,340.187972,1,65.640252,0
626.229264,1,530.273577,1,57.463190,0,535.098994,1,350.533173,1,620.909246,1,527.428412,1,244.997599,1,58.042947,0,715.408732,1,623.501261,1,619.453828,1,528.371384,1,333.949550,1,438.729693,1,713.896883,1,625.123835,1,530.795132,1,535.607063,1,47.991020,0,620.437054,1,534.592535,1,535.625647,1,713.727360,1,620.764617,1,428.855229,1,529.969425,1,74.390294,0,337.615415,1,535.747385,1
621.100253,1,523.949901,1,715.685508,1,523.358030,1,340.883875,1,715.899986,1,529.041956,1,335.779666,1,59.530940,0,55.534218,0,56.485206,0,619.509312,1,713.715860,1,436.016826,1,619.711218,1,54.996553,0,714.006406,1,53.434732,0,619.098906,1,714.384644,1,618.612412,1,809.860536,1,58.864750,0,333.369071,1,529.300812,1,623.482735,1,534.717298,1,60.186471,0,618.800803,1,149.303103,1
528.191926,1,52.437970,0,427.587356,1,626.929594,1,434.837486,1,56.037521,0,622.788479,1,713.717917,1,526.770033,1,247.725249,1,620.941873,1,438.253137,1,619.130632,1,529.095243,1,626.196652,1,716.133828,1,625.506491,1,619.989054,1,349.153053,1,244.081441,1,528.347592,1,714.211171,1,713.667532,1,47.677546,0,625.621376,1,624.553070,1,59.992584,0,153.670659,1,621.106782,1,624.160257,1
623.651367,1,715.875941,1,715.108052,1,432.534860,1,429.043338,1,719.019076,1,52.137092,0,53.135620,0,623.200549,1,351.505026,1,716.367750,1,716.314666,1,624.079513,1,341.626090,1,714.763726,1,622.702219,1,716.111574,1,45.803638,0,54.581375,0,48.228430,0,715.704247,1,437.625691,1,624.064754,1,338.272854,1,810.274656,1,532.950817,1,623.100575,1,627.143769,1,238.626440,1,59.363750,0
63.174044,0,525.259094,1,340.433480,1,715.600255,1,625.410893,1,623.898169,1,45.015903,0,716.454143,1,51.043603,0,716.222532,1,618.784932,1,427.618293,1,617.873178,1,717.268712,1,623.737671,1,625.251334,1,431.653712,1,619.058183,1,625.721813,1,715.692749,1,621.496681,1,623.985936,1,533.233676,1,621.229619,1,716.445279,1,54.482590,0,810.010686,1,525.897350,1,63.682859,0,68.911884,0
618.364199,1,625.420599,1,714.184298,1,623.190166,1,523.949567,1,623.446115,1,68.683930,0,529.433088,1,623.612148,1,528.124595,1,244.304282,1,528.489608,1,443.763821,1,625.184667,1,532.944495,1,54.255044,0,715.683994,1,348.079429,1,713.718670,1,809.232112,1,716.287184,1,525.219443,1,623.870313,1,624.350574,1,535.650938,1,524.228367,1,532.333938,1,714.343081,1,347.285148,1,619.845948,1
624.146726,1,617.905690,1,713.647539,1,716.496278,1,714.590998,1,525.516298,1,716.821737,1,437.064280,1,523.599842,1,713.607838,1,623.642288,1,529.753947,1,714.786893,1,620.386939,1,155.803745,1,713.413936,1,537.264595,1,716.058333,1,715.812514,1,528.500860,1,70.053221,0,717.389540,1,624.730389,1,53.449855,0,626.875691,1,533.664169,1,523.766478,1,524.012409,1,437.643113,1,716.227153,1
619.571926,1,625.083292,1,621.215241,1,82.148475,0,69.334964,0,338.009021,1,621.040877,1,621.287285,1,331.765997,1,714.099271,1,68.530155,0,715.175779,1,619.711566,1,426.579635,1,716.816882,1,622.957644,1,627.429996,1,625.498529,1,716.788064,1,714.460155,1,715.371142,1,623.216991,1,715.857173,1,716.529936,1,50.219230,0,713.598393,1,620.074687,1,713.927395,1,524.259084,1,713.815614,1
623.913492,1,429.367375,1,53.606479,0,715.054598,1,714.642258,1,261.485212,1,626.583420,1,525.167490,1,713.800088,1,625.492510,1,619.396219,1,716.593855,1,809.570202,1,714.534477,1,809.828593,1,626.298909,1,51.064787,0,714.437493,1,432.743156,1,810.320191,1,53.994186,0,714.423241,1,714.773449,1,626.268818,1,66.372095,0,619.293989,1,45.566529,0,619.712774,1,716.469720,1,713.190361,1
713.760089,1,65.466502,0,715.046507,1,257.609691,1,619.142897,1,428.396237,1,713.816058,1,70.006236,0,714.185610,1,347.423867,1,524.562630,1,624.034959,1,69.816007,0,623.759282,1,523.818782,1,716.282405,1,56.651646,0,714.761145,1,70.479963,0,625.087388,1,54.584623,0,620.575285,1,527.759911,1,531.721091,1,331.075299,1,621.780754,1,622.250803,1,623.739253,1,30.350250,0,625.630586,1
717.043400,1,619.974370,1,714.560514,1,714.097539,1,809.420946,1,713.341194,1,434.817790,1,714.066356,1,713.752900,1,66.468014,0,809.448537,1,350.417682,1,715.317808,1,716.597525,1,620.249138,1,717.029980,1,713.779898,1,427.725501,1,714.450701,1,230.212492,1,47.097017,0,716.333045,1,620.212397,1,715.530280,1,525.125792,1,63.395237,0,713.960594,1,717.684925,1,240.732727,1,619.920777,1
626.576339,1,334.095483,1,713.508283,1,715.939512,1,714.899375,1,716.733556,1,717.457344,1,618.403596,1,620.929199,1,716.146461,1,524.755028,1,525.346594,1,525.238728,1,338.009218,1,627.717390,1,713.272586,1,528.064163,1,619.983364,1,715.367344,1,338.245969,1,620.491080,1,533.471466,1,715.783756,1,715.532535,1,47.772879,0,715.868368,1,623.926424,1,620.462357,1,713.822143,1,620.790320,1
70.609517,0,241.100904,1,626.348076,1,715.603685,1,811.889697,1,356.823122,1,335.963934,1,253.038371,1,55.150586,0,716.336993,1,53.597719,0,338.405480,1,619.405740,1,53.211656,0,627.305500,1,620.477772,1,621.054673,1,714.667344,1,623.843872,1,622.519953,1,716.357110,1,623.838758,1,716.026397,1,623.485839,1,715.719327,1,523.158992,1,624.477527,1,619.589237,1,53.867129,0,625.481340,1
623.994922,1,620.417584,1,716.272153,1,717.716267,1,621.792689,1,627.866906,1,68.991992,0,716.239792,1,620.098149,1,46.987938,0,527.474705,1,528.033587,1,49.010528,0,810.825875,1,714.149149,1,620.532128,1,715.168612,1,433.494041,1,714.979718,1,716.169691,1,51.449965,0,626.593889,1,337.436362,1,437.048668,1,717.812049,1,624.948729,1,715.466207,1,714.300820,1,54.861922,0,620.147272,1
62.579912,0,69.529090,0,528.218619,1,432.380136,1,433.380302,1,624.586536,1,626.116553,1,716.945968,1,625.719150,1,261.636162,1,715.930547,1,625.372230,1,70.391329,0,714.295912,1,524.295217,1,244.712529,1,50.436083,0,68.324830,0,714.030772,1,714.439874,1,716.269836,1,523.943588,1,69.431491,0,625.764387,1,45.440368,0,625.040461,1,716.918067,1,525.862944,1,429.786453,1,618.990045,1
714.733666,1,523.591772,1,714.002084,1,624.931406,1,626.838080,1,50.615463,0,623.180701,1,619.288848,1,534.080715,1,619.810975,1,717.264286,1,618.791941,1,528.408001,1,715.505036,1,435.175200,1,811.089936,1,529.021747,1,535.721307,1,715.650189,1,716.689581,1,717.365857,1,719.970861,1,623.668149,1,623.260282,1,716.374948,1,620.165406,1,714.524012,1,713.897840,1,525.142656,1,53.886342,0
718.033720,1,714.509594,1,715.733293,1,339.953988,1,50.311159,0,713.876667,1,78.110013,0,66.450556,0,527.914538,1,719.705907,1,714.419745,1,717.559112,1,717.383934,1,716.624525,1,715.550186,1,714.188677,1,713.926331,1,620.142599,1,716.151610,1,626.083653,1,715.661281,1,622.749226,1,67.543453,0,620.742914,1,625.524337,1,526.829216,1,618.729871,1,43.766236,0,65.992646,0,618.217699,1
533.710245,1,625.105574,1,339.232336,1,528.725074,1,714.209340,1,714.325317,1,716.349516,1,714.351740,1,716.634870,1,620.416312,1,714.232841,1,717.393414,1,714.323415,1,524.120641,1,715.240608,1,531.975796,1,141.659501,1,715.658528,1,53.333634,0,625.486759,1,68.787953,0,255.227874,1,44.019068,0,51.187613,0,627.694656,1,619.088799,1,60.718509,0,716.724972,1,622.652172,1,526.792692,1
809.553617,1,620.070382,1,257.446854,1,714.712585,1,714.830691,1,253.517619,1,238.678482,1,620.009689,1,529.718371,1,715.015571,1,716.496142,1,441.771239,1,715.088758,1,255.084501,1,714.110548,1,52.583653,0,714.030048,1,714.011254,1,621.923389,1,50.855852,0,619.034176,1,54.715839,0,624.042583,1,716.778714,1,348.213231,1,434.504452,1,627.174944,1,619.735761,1,618.488896,1,714.788307,1
624.916476,1,716.434767,1,624.281809,1,432.561146,1,523.116877,1,715.530048,1,716.124058,1,53.827081,0,714.236388,1,717.747893,1,67.202885,0,623.562596,1,713.868346,1,714.000641,1,429.704389,1,526.856019,1,714.649312,1,717.390932,1,713.945535,1,53.918317,0,714.875865,1,715.280455,1,715.440848,1,625.671724,1,530.926418,1,623.698990,1,715.520578,1,715.551178,1,617.849986,1,715.420192,1
618.812047,1,713.929994,1,527.487297,1,67.662094,0,716.233602,1,714.345426,1,66.460166,0,714.283632,1,428.950894,1,68.656252,0,717.418455,1,714.478766,1,525.894927,1,714.525144,1,53.226889,0,715.211023,1,524.579769,1,533.003930,1,341.594716,1,715.455964,1,713.901685,1,715.065425,1,713.920611,1,622.929215,1,623.629911,1,809.113897,1,524.744594,1,714.292221,1,619.874795,1,809.747960,1
715.164986,1,619.489921,1,432.765013,1,528.854216,1,71.089315,0,623.969182,1,624.395702,1,66.241348,0,619.033499,1,715.998852,1,714.182613,1,714.282030,1,623.918884,1,716.027220,1,618.124274,1,715.497420,1,53.943841,0,717.533060,1,715.271903,1,67.900333,0,714.845322,1,530.202982,1,713.783517,1,626.618092,1,253.742969,1,623.620277,1,715.255978,1,67.388075,0,716.428394,1,529.442930,1
623.927650,1,717.060176,1,620.340960,1,78.269202,0,717.060064,1,534.413977,1,715.532932,1,622.075461,1,713.951034,1,618.637684,1,531.737067,1,429.950624,1,53.816353,0,619.749706,1,618.178019,1,715.801767,1,53.646726,0,428.878249,1,713.624367,1,429.446554,1,713.986158,1,713.692707,1,715.130211,1,717.153076,1,713.231093,1,533.768863,1,623.424592,1,621.232873,1,713.326454,1,716.710454,1
619.473468,1,717.203151,1,529.071541,1,715.359168,1,716.776913,1,715.185846,1,69.605219,0,47.390638,0,715.431943,1,714.660044,1,432.072071,1,714.585387,1,619.232949,1,619.589607,1,524.757344,1,713.734417,1,623.870597,1,714.113081,1,528.096585,1,67.705240,0,714.098777,1,715.302109,1,624.853503,1,43.376423,0,524.652244,1,714.254997,1,714.449063,1,339.872021,1,714.183954,1,619.317911,1
624.623734,1,429.287744,1,715.383475,1,626.618086,1,809.750276,1,617.853877,1,534.114499,1,68.456427,0,715.265604,1,715.514212,1,715.899360,1,714.240000,1,717.457779,1,54.137234,0,625.919168,1,716.871708,1,715.592193,1,627.275911,1,623.475233,1,432.758499,1,51.489790,0,624.276901,1,715.351820,1,623.819097,1,810.735293,1,529.684954,1,528.888003,1,717.530335,1,715.664542,1,627.673265,1
430.971429,1,528.850560,1,532.478975,1,714.606100,1,624.053243,1,349.602628,1,430.160824,1,617.897587,1,713.983141,1,713.934242,1,626.064265,1,619.676602,1,619.158705,1,69.392922,0,624.744385,1,529.459489,1,810.387595,1,619.796693,1,716.536045,1,715.343342,1,716.258282,1,715.592318,1,618.318265,1,714.449065,1,714.288215,1,716.998527,1,617.682102,1,524.653709,1,534.297987,1,523.902172,1
314.549172,1,315.907533,1,313.215036,1,313.126090,1,217.703688,1,316.095439,1,316.110375,1,316.500580,1,225.081325,1,124.980852,1,315.910229,1,223.538505,1,316.397338,1,224.174815,1,317.326842,1,313.241516,1,225.591437,1,317.094925,1,315.943399,1,223.121314,1,316.353904,1,317.216599,1,314.326918,1,314.213051,1,317.288094,1,313.902239,1,314.040669,1,313.504523,1,314.278643,1,316.794116,1
714.337960,1,622.161037,1,532.394437,1,809.752771,1,623.281368,1,620.572312,1,716.271081,1,70.058179,0,714.237179,1,714.938362,1,351.411025,1,713.756539,1,624.348613,1,620.338170,1,715.830775,1,714.071333,1,808.981471,1,63.321839,0,618.509149,1,715.625570,1,716.235382,1,715.247746,1,714.341408,1,717.401900,1,50.283373,0,357.104636,1,622.665379,1,714.539731,1,715.273069,1,716.450618,1
314.012906,1,315.802154,1,315.608011,1,314.800514,1,313.811754,1,133.289248,1,314.407450,1,218.643287,1,124.508874,1,313.819693,1,315.425375,1,313.673505,1,315.764122,1,317.002197,1,315.086578,1,219.926084,1,224.228344,1,313.918311,1,315.181271,1,219.558186,1,314.947141,1,313.146569,1,221.604017,1,411.661587,1,315.177742,1,314.030530,1,314.045088,1,124.121828,1,315.992646,1,313.665412,1
622.510553,1,534.363220,1,63.497327,0,622.082170,1,717.113869,1,715.990451,1,713.510585,1,334.330085,1,54.131960,0,53.681292,0,528.477536,1,714.058282,1,713.772904,1,717.084019,1,624.119229,1,622.658492,1,69.542878,0,715.636940,1,445.923874,1,627.272012,1,716.105326,1,626.086642,1,522.502032,1,622.825637,1,713.801024,1,714.742452,1,715.258013,1,714.073350,1,714.355730,1,715.792850,1
716.337243,1,809.536163,1,713.601985,1,715.413052,1,714.193803,1,623.813032,1,620.391841,1,526.944510,1,618.340155,1,714.532983,1,624.072862,1,61.474701,0,716.959587,1,715.366235,1,50.292456,0,715.439504,1,438.667823,1,624.676510,1,49.740021,0,715.311177,1,713.677446,1,621.829205,1,714.067803,1,714.570375,1,714.785931,1,713.346506,1,717.829594,1,47.891324,0,714.521603,1,533.298198,1
714.983629,1,78.542789,0,623.550515,1,68.406967,0,715.833753,1,715.610908,1,714.137187,1,618.193629,1,523.052531,1,714.713790,1,81.483672,0,713.377634,1,621.494373,1,624.661790,1,51.272209,0,715.439589,1,334.144871,1,715.678334,1,523.035406,1,714.213591,1,716.132339,1,623.799568,1,714.033305,1,624.686005,1,57.157491,0,714.685192,1,622.120728,1,714.040014,1,713.646357,1,717.620492,1
617.867895,1,715.292310,1,715.302813,1,525.596333,1,715.339039,1,716.783023,1,67.729410,0,713.948410,1,716.338872,1,714.640306,1,715.794227,1,713.788393,1,713.311611,1,715.282168,1,619.014596,1,623.854379,1,623.180794,1,618.607581,1,625.197489,1,713.307063,1,623.748266,1,714.226291,1,809.811023,1,715.023173,1,809.935369,1,716.540186,1,716.307353,1,715.850331,1,716.009962,1,525.147407,1
415.115535,1,134.786811,1,415.481027,1,414.384846,1,414.363434,1,415.226962,1,413.658529,1,414.704356,1,413.317898,1,414.725324,1,414.041650,1,414.471268,1,417.778334,1,415.798248,1,416.032244,1,417.751325,1,415.668564,1,413.929322,1,415.442350,1,133.838863,1,414.775367,1,416.850583,1,416.373827,1,414.875037,1,414.164348,1,415.599850,1,413.334995,1,413.416139,1,413.519773,1,325.844161,1
715.247817,1,714.602061,1,717.729053,1,433.336855,1,713.917128,1,715.962000,1,713.717188,1,714.699860,1,714.017899,1,715.223629,1,713.522105,1,618.478882,1,714.096007,1,714.843150,1,533.284677,1,717.299429,1,54.148482,0,623.048829,1,716.514472,1,713.420724,1,713.996150,1,525.523819,1,627.649082,1,717.304638,1,427.423013,1,618.266834,1,625.292596,1,716.308448,1,434.004926,1,714.082417,1
716.273643,1,713.899600,1,51.453914,0,713.601194,1,625.975781,1,434.376840,1,714.581510,1,619.029602,1,715.693355,1,714.632723,1,716.498554,1,714.712035,1,715.960479,1,623.504786,1,715.335043,1,714.575128,1,68.265480,0,714.227704,1,715.828602,1,625.319482,1,713.249870,1,627.260093,1,713.975173,1,624.703164,1,713.149610,1,64.892209,0,713.749486,1,625.931942,1,715.447572,1,536.451265,1
717.409624,1,715.163054,1,441.275211,1,529.547635,1,621.528718,1,714.340397,1,627.615973,1,716.202725,1,717.313009,1,714.009982,1,714.147855,1,625.022672,1,714.194938,1,428.253679,1,627.331405,1,715.997023,1,714.680363,1,713.805468,1,618.554315,1,715.085960,1,715.150951,1,624.792719,1,716.648567,1,622.349510,1,714.565588,1,713.856299,1,715.423062,1,70.368284,0,68.910855,0,714.427783,1
347.360529,1,714.917648,1,714.762206,1,714.508428,1,716.257637,1,714.081803,1,714.409475,1,714.608715,1,714.852481,1,713.962900,1,716.119431,1,714.379788,1,524.237800,1,715.494681,1,715.285153,1,627.217045,1,618.077283,1,433.929705,1,715.331508,1,717.893368,1,716.008355,1,715.263640,1,623.504740,1,715.429498,1,69.837608,0,716.242381,1,714.196551,1,713.737094,1,716.957515,1,624.396224,1
714.687565,1,713.782757,1,714.241078,1,716.592235,1,716.349011,1,53.477745,0,625.696891,1,715.871523,1,626.724009,1,617.857851,1,715.004763,1,714.943801,1,716.287564,1,713.652785,1,346.057545,1,626.135465,1,715.815572,1,714.564809,1,625.722563,1,714.802261,1,714.488497,1,350.119793,1,715.770795,1,622.940732,1,714.432723,1,714.770958,1,624.450150,1,714.301520,1,713.753475,1,809.313951,1
714.082723,1,63.038249,0,716.690432,1,713.644822,1,713.212811,1,715.090601,1,714.219738,1,715.468122,1,714.215625,1,624.575565,1,713.754313,1,717.134581,1,332.573308,1,810.050488,1,715.086701,1,430.825200,1,619.510684,1,713.853775,1,716.385234,1,809.220042,1,163.033397,1,714.237902,1,715.239158,1,624.001460,1,714.462329,1,714.237890,1,716.512564,1,714.153096,1,623.928453,1,623.598584,1
713.479839,1,713.722913,1,524.672658,1,714.859033,1,713.849515,1,716.911720,1,714.672201,1,714.893439,1,620.458610,1,713.547195,1,622.000351,1,715.415273,1,345.526540,1,715.432639,1,716.882022,1,717.262591,1,242.657656,1,716.035624,1,713.658478,1,55.979818,0,714.174151,1,714.877215,1,714.887782,1,714.062316,1,715.414081,1,716.936163,1,715.684079,1,57.573465,0,525.949760,1,716.226138,1
523.528749,1,715.389003,1,714.315573,1,713.674133,1,717.455330,1,715.138881,1,625.786720,1,716.448264,1,713.338692,1,623.746132,1,620.312100,1,68.265842,0,715.936227,1,715.409509,1,714.791630,1,618.096659,1,715.710617,1,713.401440,1,713.819836,1,715.665414,1,620.081211,1,714.153287,1,717.605254,1,54.354448,0,714.025309,1,623.508745,1,716.628197,1,717.188598,1,715.085253,1,809.303735,1
51.974622,0,57.958498,0,83.552617,0,55.733479,0,350.151757,1,55.390646,0,63.657240,0,261.591089,1,338.439994,1,47.687604,0,623.956750,1,58.184076,0,157.922083,1,53.011552,0,54.398473,0,151.355347,1,48.878302,0,66.281842,0,73.189231,0,62.756321,0,42.150559,0,428.474464,1,46.995365,0,48.002485,0,46.747543,0,713.303090,1,247.461098,1,349.878535,1,153.709111,1,156.970598,1
47.915112,0,59.052048,0,57.657766,0,53.475387,0,334.115595,1,623.086863,1,155.388512,1,50.239127,0,53.909840,0,55.835682,0,45.763862,0,57.125379,0,252.329503,1,714.071406,1,351.194110,1,57.443218,0,714.216753,1,528.123954,1,158.585429,1,75.103431,0,250.615750,1,46.576934,0,56.634647,0,51.082229,0,341.749402,1,50.505510,0,49.070906,0,248.961557,1,347.758831,1,352.378719,1
53.141903,0,52.467732,0,352.273640,1,337.781216,1,50.550060,0,58.899805,0,247.945615,1,442.524675,1,59.707987,0,713.786933,1,154.731078,1,52.830178,0,57.965134,0,528.967640,1,49.112881,0,48.425867,0,339.217867,1,53.825462,0,55.683876,0,59.092761,0,50.628102,0,57.701618,0,441.631790,1,352.788606,1,533.071350,1,63.386788,0,261.914886,1,57.500389,0,50.219661,0,59.711072,0
437.610481,1,57.320827,0,50.873175,0,58.025832,0,50.792528,0,165.132305,1,50.058457,0,49.072065,0,80.183391,0,45.894936,0,45.803104,0,52.963258,0,48.155142,0,153.285647,1,45.381245,0,51.673721,0,50.257567,0,50.160347,0,48.006161,0,51.813222,0,50.707679,0,51.458745,0,59.434059,0,54.150476,0,52.699156,0,57.442674,0,59.013677,0,55.401914,0,349.269262,1,160.789136,1
48.407855,0,155.504855,1,53.159037,0,54.799410,0,52.498135,0,160.683242,1,56.343995,0,47.695320,0,438.751227,1,47.333960,0,54.071733,0,54.937885,0,50.325774,0,77.583100,0,53.110072,0,51.992072,0,438.590839,1,54.365176,0,58.215461,0,46.143414,0,57.872187,0,522.641660,1,50.748459,0,49.682761,0,51.865029,0,45.453451,0,162.071293,1,56.160061,0,442.876947,1,69.694850,0
161.512201,1,532.277177,1,352.728286,1,47.925679,0,47.077029,0,54.724989,0,167.078456,1,53.427689,0,50.970078,0,165.748679,1,54.053422,0,57.731886,0,48.626217,0,54.978624,0,353.784936,1,159.470058,1,71.795744,0,49.788991,0,51.308467,0,55.753165,0,58.060799,0,56.244125,0,52.321207,0,55.922081,0,57.758511,0,74.798595,0,45.506637,0,57.683740,0,56.722750,0,341.203125,1
54.688003,0,533.419472,1,529.294573,1,244.584900,1,58.209820,0,58.144988,0,80.335060,0,162.141020,1,618.992496,1,50.868243,0,533.469946,1,51.707057,0,439.930765,1,57.761676,0,623.808039,1,715.244427,1,54.647151,0,50.750986,0,53.244810,0,171.465901,1,50.058354,0,58.084844,0,339.047998,1,171.444585,1,160.650503,1,537.628908,1,55.938553,0,342.986172,1,157.303509,1,53.518156,0
75.063933,0,54.071102,0,51.656041,0,56.807054,0,49.995969,0,56.881699,0,55.822433,0,58.202938,0,341.853094,1,51.503257,0,57.450113,0,170.656678,1,257.005389,1,148.170994,1,257.603167,1,620.325867,1,156.307266,1,50.867802,0,168.285437,1,345.112354,1,57.741889,0,49.800694,0,156.969465,1,54.795574,0,54.716355,0,66.953479,0,163.316750,1,52.153205,0,67.492007,0,349.582757,1
350.923890,1,426.566032,1,58.144117,0,619.267163,1,171.544026,1,55.171817,0,714.038243,1,63.844712,0,55.537876,0,434.392800,1,72.113930,0,55.620861,0,619.823406,1,715.067669,1,427.807303,1,330.766947,1,163.406201,1,348.205402,1,809.811614,1,524.261303,1,60.206312,0,251.384345,1,53.117407,0,56.330720,0,345.075936,1,157.732029,1,345.834580,1,73.809811,0,624.042971,1,346.461738,1
626.524325,1,534.054896,1,533.425906,1,533.332065,1,534.662247,1,533.196558,1,443.405892,1,443.105048,1,443.096969,1,535.186098,1,530.667678,1,534.402392,1,534.423036,1,536.379862,1,535.646000,1,535.173593,1,53.924357,0,623.728682,1,58.046588,0,438.433186,1,534.354656,1,536.312502,1,156.076962,1,627.448477,1,623.596691,1,50.500463,0,624.975066,1,533.322706,1,445.458068,1,163.127597,1
536.347633,1,630.687650,1,440.811905,1,534.555190,1,436.424132,1,164.708824,1,443.434612,1,56.334153,0,444.732535,1,537.393419,1,536.339095,1,66.369342,0,533.123507,1,444.400236,1,439.069938,1,259.854163,1,533.550035,1,623.704063,1,533.089384,1,533.290729,1,262.417054,1,540.938226,1,623.199733,1,439.648838,1,624.487829,1,445.814642,1,264.277245,1,444.467366,1,441.955345,1,439.593636,1
52.055357,0,533.019882,1,535.974483,1,623.445917,1,534.003879,1,537.336319,1,624.233230,1,337.795121,1,438.427163,1,444.135746,1,533.581062,1,446.326102,1,33.792532,0,535.815327,1,52.201384,0,245.460059,1,534.090295,1,445.352937,1,536.412731,1,441.045141,1,534.965257,1,530.063389,1,534.968888,1,536.625568,1,264.690798,1,443.794333,1,534.784589,1,629.909047,1,534.014567,1,354.162296,1
525.356880,1,525.717539,1,715.247062,1,713.500925,1,714.765707,1,714.746471,1,714.486524,1,715.511736,1,715.438319,1,713.587920,1,433.266032,1,626.527097,1,716.796342,1,717.935881,1,714.332970,1,715.751574,1,713.608996,1,809.680534,1,624.217391,1,621.882026,1,715.058796,1,51.314330,0,714.244729,1,715.543005,1,623.376802,1,619.556686,1,716.636157,1,715.273798,1,715.196016,1,713.927573,1
716.436804,1,714.078075,1,715.909537,1,715.239025,1,715.656283,1,717.323571,1,715.983910,1,714.548501,1,714.795140,1,714.655441,1,715.112666,1,715.847852,1,716.225401,1,49.929677,0,720.799094,1,717.421264,1,713.910597,1,714.316001,1,55.905030,0,810.364287,1,713.670402,1,714.029253,1,716.744805,1,619.626991,1,716.638359,1,716.224112,1,54.317333,0,715.341961,1,716.255431,1,713.440725,1
717.156847,1,714.105912,1,714.832105,1,716.117358,1,716.002330,1,810.036613,1,713.533799,1,714.538413,1,715.502048,1,713.969957,1,713.793347,1,715.398158,1,714.802550,1,527.107539,1,714.487465,1,620.011604,1,716.443876,1,713.968295,1,717.582179,1,714.985648,1,715.930091,1,716.832148,1,714.862147,1,428.380007,1,713.939088,1,716.567038,1,619.250376,1,67.212295,0,529.347281,1,714.384711,1
427.383232,1,714.819328,1,714.254903,1,52.532257,0,625.568081,1,623.476057,1,64.418058,0,715.294696,1,623.117880,1,718.004816,1,625.926869,1,714.802887,1,619.787585,1,715.350182,1,714.910676,1,620.706135,1,717.559656,1,622.441151,1,624.264354,1,716.994794,1,716.865604,1,714.475846,1,715.837600,1,713.652353,1,50.685576,0,618.605338,1,717.629557,1,524.248732,1,714.462850,1,716.563392,1
714.951784,1,716.543299,1,714.180550,1,624.733038,1,525.832558,1,715.238019,1,716.522604,1,718.118584,1,713.853402,1,715.185276,1,714.589679,1,713.459268,1,619.615568,1,714.165283,1,624.395474,1,714.758712,1,53.851347,0,714.185290,1,714.134486,1,627.029259,1,53.026406,0,714.118313,1,716.565789,1,715.849357,1,714.081699,1,621.701664,1,626.249964,1,618.578578,1,717.943027,1,618.297559,1
69.479428,0,526.969809,1,427.237483,1,47.016986,0,51.144061,0,716.749882,1,51.674056,0,714.566063,1,714.269459,1,524.545014,1,51.185945,0,715.571083,1,714.203079,1,809.089419,1,66.549137,0,713.574228,1,531.399125,1,714.428151,1,713.887741,1,331.549398,1,716.312004,1,68.235917,0,715.707274,1,714.100174,1,714.162738,1,624.256420,1,716.442659,1,716.147475,1,716.584469,1,714.268155,1
715.148923,1,713.937335,1,716.527393,1,717.939757,1,715.713060,1,53.746613,0,68.483865,0,714.469802,1,52.634270,0,713.486582,1,717.419383,1,717.497717,1,715.622793,1,810.330733,1,717.384074,1,624.059590,1,52.311051,0,717.597836,1,625.035184,1,714.669910,1,715.962426,1,713.546370,1,52.669952,0,715.660276,1,714.115546,1,717.174326,1,529.069334,1,713.883802,1,714.745684,1,716.687390,1
618.962909,1,717.064303,1,810.269381,1,717.757279,1,717.668099,1,713.986580,1,716.454091,1,618.825547,1,715.763827,1,713.410677,1,621.925194,1,714.998739,1,716.244618,1,526.407759,1,715.988456,1,51.854987,0,619.887640,1,717.226463,1,715.263759,1,716.431420,1,716.090512,1,715.009692,1,716.604249,1,625.135336,1,714.042506,1,532.035250,1,714.462917,1,714.048820,1,524.173982,1,713.941342,1
162.134348,1,715.144540,1,716.898114,1,716.168667,1,619.945111,1,619.794095,1,717.659922,1,627.663334,1,53.959766,0,714.300059,1,715.264412,1,715.834365,1,715.335607,1,713.652803,1,351.764503,1,620.174976,1,716.290947,1,717.986693,1,714.371332,1,618.549311,1,621.215092,1,715.657923,1,527.287147,1,716.928093,1,714.663390,1,624.088113,1,715.240774,1,714.057177,1,714.660267,1,715.345938,1
416.256836,1,319.128538,1,415.218824,1,414.352748,1,413.970655,1,320.072022,1,415.333774,1,131.542256,1,413.798762,1,416.524752,1,416.553114,1,415.112735,1,414.360218,1,509.389105,1,415.572853,1,415.350670,1,414.595704,1,232.535030,1,416.591287,1,413.646204,1,414.250422,1,323.927729,1,126.972825,1,416.911642,1,414.184650,1,416.854900,1,415.295587,1,416.048391,1,323.021553,1,416.845815,1
714.280528,1,713.678365,1,623.116185,1,713.691391,1,713.412711,1,713.901754,1,716.386773,1,625.107497,1,256.589919,1,442.006783,1,715.359462,1,715.799704,1,713.959899,1,714.929695,1,620.712350,1,717.152991,1,714.229057,1,716.112048,1,714.668963,1,718.038725,1,68.251617,0,716.537908,1,68.646158,0,715.198878,1,715.643996,1,713.846167,1,715.422116,1,623.176253,1,715.411873,1,714.142507,1
714.666827,1,714.939645,1,714.022235,1,715.190420,1,56.707631,0,432.540329,1,714.351717,1,623.919514,1,622.852564,1,715.782137,1,717.253389,1,719.200417,1,715.007473,1,717.074988,1,714.542690,1,714.265571,1,713.462428,1,525.070101,1,713.189919,1,717.788735,1,716.535608,1,715.838282,1,618.804827,1,713.524136,1,713.962123,1,623.217247,1,713.487927,1,717.180426,1,717.562810,1,623.766342,1
713.893859,1,714.174591,1,714.601146,1,717.857614,1,713.739885,1,714.964925,1,714.401530,1,714.273391,1,625.365132,1,620.208421,1,66.806547,0,714.784756,1,717.029073,1,625.239591,1,624.785022,1,810.076545,1,714.740495,1,714.929211,1,65.613347,0,67.762374,0,713.114497,1,623.746154,1,715.139592,1,333.303010,1,715.722876,1,715.983442,1,714.574309,1,715.098452,1,714.499938,1,713.953720,1
714.550717,1,713.706878,1,716.023321,1,715.353764,1,715.109305,1,716.760434,1,717.249503,1,716.820572,1,715.239196,1,618.232739,1,715.876858,1,713.716520,1,623.101869,1,713.926046,1,716.186515,1,68.415371,0,621.960836,1,713.360569,1,715.192018,1,715.790224,1,533.375858,1,715.065383,1,715.995842,1,715.212725,1,714.830947,1,618.795775,1,69.106675,0,713.257171,1,714.597805,1,716.109513,1
714.584733,1,621.720664,1,51.734665,0,714.832036,1,809.697863,1,713.300326,1,715.474064,1,714.987523,1,713.326950,1,716.266877,1,717.248689,1,625.402583,1,714.654497,1,54.128924,0,714.578949,1,715.181926,1,716.915754,1,715.014921,1,53.727917,0,713.613266,1,714.131417,1,715.013381,1,810.207895,1,715.873338,1,716.665111,1,714.361473,1,713.981603,1,714.538568,1,714.709376,1,715.285268,1
714.651548,1,713.793584,1,715.045619,1,716.561374,1,714.992730,1,623.650967,1,617.763294,1,714.609322,1,526.544484,1,713.679726,1,714.127593,1,523.669356,1,715.375120,1,716.566488,1,714.591538,1,714.754597,1,715.918693,1,714.237768,1,713.887678,1,714.017676,1,713.609346,1,624.819942,1,714.153582,1,714.194295,1,428.101656,1,716.573178,1,716.920516,1,716.731288,1,69.072483,0,715.486880,1
716.613103,1,717.094636,1,717.203976,1,714.140124,1,809.708361,1,619.256640,1,619.782648,1,715.039961,1,715.222366,1,716.724548,1,714.120795,1,716.171040,1,713.586447,1,70.218324,0,67.114702,0,717.216083,1,715.324685,1,713.742047,1,713.958710,1,714.375165,1,714.146347,1,714.693911,1,627.063017,1,68.481183,0,713.543503,1,717.191115,1,713.853976,1,715.116604,1,714.407510,1,714.405545,1
716.600958,1,715.969412,1,716.080213,1,717.777181,1,715.507469,1,714.504356,1,68.216053,0,715.128347,1,82.259947,0,713.871064,1,626.244343,1,714.137433,1,714.862442,1,716.383096,1,715.327404,1,714.930458,1,714.104765,1,715.411045,1,713.904859,1,715.592887,1,713.691522,1,716.705325,1,714.366834,1,714.456340,1,715.708001,1,714.597503,1,715.164777,1,715.866060,1,717.526343,1,714.160308,1
527.954819,1,716.410206,1,56.879222,0,714.377955,1,715.664129,1,713.646126,1,714.359490,1,714.205728,1,58.823722,0,57.771405,0,714.364685,1,715.709463,1,57.801242,0,715.538654,1,713.787897,1,618.052813,1,619.735222,1,716.231643,1,59.055706,0,715.830523,1,57.498079,0,57.511007,0,526.488405,1,714.357688,1,618.406819,1,715.926003,1,56.968122,0,621.417171,1,715.704285,1,713.804801,1
715.082400,1,59.690885,0,715.172527,1,714.279778,1,716.122926,1,713.886887,1,715.047583,1,715.249630,1,714.309573,1,715.993673,1,714.843822,1,715.011960,1,714.836306,1,713.689318,1,623.199257,1,714.298363,1,716.542777,1,715.214113,1,714.702348,1,618.548819,1,621.613925,1,57.819235,0,621.019891,1,621.004273,1,810.890873,1,714.431458,1,720.340924,1,716.412427,1,715.606668,1,714.508978,1
715.761681,1,714.584035,1,714.469045,1,620.289549,1,716.200929,1,716.298654,1,715.268780,1,714.503250,1,713.302980,1,64.609413,0,59.682402,0,714.028083,1,623.831869,1,715.338092,1,56.654425,0,618.728915,1,350.003460,1,44.386355,0,51.726169,0,56.973731,0,57.628057,0,714.613539,1,56.380745,0,713.402417,1,715.869272,1,714.983865,1,716.007482,1,713.689951,1,432.951463,1,54.217331,0
808.840512,1,55.448870,0,62.105869,0,243.471084,1,809.369894,1,53.778612,0,58.321062,0,810.392677,1,57.550543,0,71.008398,0,64.220652,0,809.653955,1,809.749027,1,58.504037,0,809.752948,1,715.601401,1,809.427638,1,809.228772,1,809.653373,1,809.389600,1,58.822508,0,809.591382,1,59.899666,0,809.959379,1,810.272299,1,53.262738,0,809.744362,1,60.221173,0,809.347088,1,809.444246,1
53.404460,0,52.123013,0,809.351644,1,150.940550,1,809.739908,1,809.528296,1,60.230072,0,809.775048,1,58.101263,0,809.759330,1,68.002546,0,810.008815,1,810.217092,1,58.720730,0,809.953743,1,69.128856,0,715.015321,1,618.368627,1,809.854605,1,57.308868,0,810.153415,1,809.262446,1,809.674596,1,69.516010,0,809.404605,1,718.627948,1,809.243277,1,810.160805,1,809.765006,1,809.527137,1
719.994142,1,523.395335,1,54.214237,0,809.416904,1,809.484980,1,809.257272,1,53.021479,0,70.494377,0,810.279072,1,58.936741,0,525.458095,1,53.242775,0,60.762533,0,809.637153,1,810.202617,1,58.174706,0,809.468608,1,809.449738,1,57.550882,0,59.645514,0,809.277885,1,810.382535,1,53.474680,0,809.709943,1,809.953414,1,63.681751,0,809.654940,1,809.286595,1,53.850084,0,809.141045,1
58.390234,0,714.245348,1,809.111556,1,49.534978,0,238.765132,1,52.485587,0,626.592558,1,57.803814,0,809.565200,1,628.540628,1,809.307732,1,50.199673,0,51.161228,0,61.188148,0,58.345809,0,809.505109,1,714.153745,1,63.664297,0,57.652427,0,58.391625,0,50.199488,0,51.842053,0,49.759246,0,50.466079,0,809.660904,1,809.550464,1,809.339932,1,809.243000,1,57.965646,0,59.491283,0
53.908341,0,49.082463,0,51.034147,0,52.993001,0,51.625730,0,53.908436,0,52.812107,0,58.495196,0,54.528847,0,52.961044,0,50.711492,0,253.486915,1,809.137983,1,523.443478,1,54.223265,0,50.664243,0,51.814832,0,55.798072,0,809.527971,1,52.125961,0,809.355254,1,809.049398,1,809.335896,1,53.203663,0,58.989174,0,53.393789,0,52.240757,0,441.795948,1,49.792004,0,809.750072,1
809.102490,1,618.651929,1,53.046585,0,53.431951,0,809.492962,1,809.557957,1,56.409935,0,809.732010,1,54.791909,0,809.537148,1,809.189230,1,714.804047,1,56.066120,0,719.160546,1,48.437774,0,54.092673,0,57.435009,0,809.349622,1,809.751654,1,58.745165,0,809.410122,1,57.078591,0,58.893441,0,57.673788,0,49.724135,0,53.222080,0,55.711042,0,54.719623,0,809.237670,1,52.401631,0
55.269605,0,55.317667,0,809.567935,1,60.018146,0,809.398774,1,56.508791,0,51.753165,0,714.716194,1,623.474000,1,809.764667,1,809.634836,1,809.899342,1,54.123600,0,52.726620,0,56.392818,0,53.499740,0,714.592338,1,59.126626,0,809.747881,1,58.186545,0,53.278624,0,58.234188,0,59.123094,0,55.662618,0,809.886079,1,809.660136,1,808.970488,1,49.965123,0,55.063980,0,54.659922,0
57.845115,0,146.685881,1,56.979223,0,809.564482,1,52.914345,0,809.344006,1,52.294414,0,809.509127,1,53.053578,0,59.897806,0,53.678150,0,809.463022,1,809.402565,1,51.056801,0,809.993821,1,51.349350,0,809.476155,1,809.228909,1,618.102926,1,809.791042,1,809.648266,1,809.133117,1,713.821685,1,53.184398,0,256.401895,1,715.640071,1,809.932051,1,809.074192,1,809.377184,1,53.733957,0
809.402156,1,51.010117,0,57.352240,0,49.657614,0,617.823281,1,809.437366,1,63.198146,0,525.643556,1,62.157330,0,530.063425,1,809.511986,1,719.058293,1,808.967582,1,56.767978,0,809.844599,1,809.697808,1,714.463770,1,54.527310,0,809.824943,1,54.759577,0,52.145647,0,52.486318,0,50.890679,0,55.641936,0,809.586580,1,808.820385,1,51.087194,0,54.884900,0,525.885453,1,53.707471,0
51.104777,0,68.654860,0,68.093898,0,809.724664,1,68.693051,0,714.437955,1,529.127173,1,714.280831,1,809.443842,1,809.806908,1,809.279872,1,714.877304,1,809.540110,1,809.817770,1,810.720507,1,713.352114,1,55.180772,0,618.124538,1,809.588195,1,810.194224,1,56.719837,0,713.745922,1,809.235831,1,809.085534,1,810.268944,1,809.337357,1,53.015345,0,810.036162,1,60.920685,0,809.707942,1
57.201870,0,809.739738,1,356.378330,1,810.003509,1,810.236418,1,809.781975,1,618.950934,1,719.146977,1,54.111053,0,53.874695,0,809.012176,1,53.370836,0,809.802992,1,620.420449,1,809.895053,1,57.361552,0,810.540981,1,59.264344,0,809.934146,1,243.128625,1,64.620707,0,714.413372,1,713.974987,1,56.920448,0,53.230864,0,55.569237,0,809.683576,1,810.619967,1,810.556423,1,53.384199,0
810.062108,1,809.550129,1,58.426538,0,51.871945,0,714.507375,1,809.647494,1,58.944451,0,809.779994,1,714.224314,1,810.049988,1,809.797016,1,51.226237,0,809.603323,1,53.588163,0,810.193458,1,809.086489,1,55.188766,0,69.375820,0,809.160182,1,719.299683,1,809.358395,1,714.538879,1,715.303343,1,149.255975,1,809.619247,1,713.951473,1,809.777687,1,53.202958,0,809.892055,1,809.822260,1
50.806641,0,713.650595,1,59.203889,0,713.370130,1,527.168609,1,715.980104,1,59.300117,0,427.892591,1,55.959831,0,57.874937,0,58.733702,0,713.568896,1,55.413596,0,715.786853,1,55.777090,0,715.800256,1,58.732145,0,714.451484,1,716.089511,1,150.704010,1,713.159686,1,714.313454,1,626.280318,1,70.233765,0,522.792866,1,714.103494,1,714.173141,1,55.634957,0,714.121052,1,715.444456,1
713.742653,1,620.943667,1,58.432234,0,714.808860,1,56.031984,0,714.116310,1,715.421996,1,713.919999,1,716.303033,1,715.308097,1,56.002377,0,714.463471,1,714.852730,1,714.032866,1,713.209622,1,714.521614,1,715.327362,1,714.136390,1,54.361150,0,619.039670,1,58.329434,0,714.229488,1,713.511779,1,528.017409,1,713.630420,1,713.560629,1,66.660026,0,715.732247,1,715.338588,1,714.118558,1
713.795799,1,714.918047,1,715.423977,1,713.906442,1,715.601504,1,68.655491,0,714.040018,1,715.218555,1,714.066091,1,624.005052,1,714.655225,1,715.270067,1,523.763825,1,810.402649,1,714.613885,1,524.056670,1,715.069718,1,714.942137,1,713.704973,1,65.961357,0,713.584729,1,716.308270,1,715.739422,1,58.669059,0,713.466513,1,59.158536,0,623.451586,1,620.692256,1,716.463091,1,57.438928,0
716.758847,1,715.653732,1,528.524226,1,59.928536,0,715.708821,1,715.265522,1,714.171717,1,714.720491,1,713.928384,1,716.418572,1,714.000571,1,49.667257,0,713.585296,1,624.083334,1,713.795634,1,715.608536,1,57.683410,0,716.764806,1,714.280689,1,713.828776,1,714.020831,1,716.013255,1,716.179461,1,811.656294,1,539.931725,1,713.570164,1,623.940050,1,58.827233,0,714.870960,1,716.828084,1
720.255938,1,715.724958,1,716.910628,1,715.718704,1,716.431365,1,714.931354,1,527.996653,1,714.922644,1,713.761384,1,714.012269,1,714.198298,1,714.905902,1,714.756369,1,717.041117,1,716.456387,1,716.046678,1,715.687720,1,714.405022,1,59.689491,0,717.611145,1,714.467618,1,715.828159,1,716.018698,1,714.624514,1,714.019078,1,714.445811,1,715.586585,1,717.316900,1,717.491877,1,715.337741,1
622.070683,1,713.537761,1,715.097204,1,713.867426,1,713.711918,1,715.639040,1,713.530453,1,715.222735,1,716.893251,1,715.826766,1,427.739754,1,714.846789,1,714.103396,1,715.038338,1,713.789258,1,716.474338,1,623.139817,1,715.755968,1,713.721586,1,715.339040,1,623.790244,1,714.626987,1,714.544120,1,53.595024,0,714.054736,1,620.187796,1,714.535280,1,714.869941,1,714.246639,1,713.649107,1
715.397566,1,716.586885,1,714.384268,1,527.224020,1,715.862347,1,713.791479,1,714.516909,1,624.095236,1,714.342878,1,625.780597,1,51.675653,0,717.192910,1,715.025541,1,713.688718,1,713.642869,1,53.847294,0,716.289381,1,714.513340,1,715.777557,1,717.284807,1,69.234156,0,715.069973,1,715.971522,1,714.253978,1,716.663600,1,714.053365,1,716.859178,1,714.612161,1,715.371700,1,714.711916,1
68.173370,0,715.967942,1,717.370854,1,713.863474,1,624.510076,1,57.755382,0,713.890727,1,713.842669,1,39.244305,0,716.793634,1,714.534609,1,623.497898,1,715.048005,1,713.810684,1,714.203446,1,713.861455,1,714.894532,1,714.351934,1,714.544305,1,626.579630,1,714.172499,1,714.352990,1,717.514274,1,714.452191,1,717.251365,1,716.800274,1,69.635217,0,626.543779,1,715.214007,1,715.174934,1
68.674113,0,716.692363,1,624.489697,1,716.955803,1,716.270033,1,716.268335,1,54.277018,0,68.719825,0,713.417269,1,715.467322,1,69.183205,0,714.106122,1,714.354786,1,713.473565,1,714.964446,1,714.274050,1,717.110355,1,809.227816,1,713.836384,1,714.623253,1,715.893740,1,717.806848,1,714.005175,1,70.604382,0,809.387201,1,714.883625,1,440.846878,1,714.031754,1,714.712453,1,717.179827,1
313.819254,1,314.162711,1,316.848809,1,317.475013,1,223.157227,1,313.918025,1,225.738378,1,315.585278,1,316.014060,1,313.722967,1,315.644328,1,314.170516,1,313.654745,1,313.885769,1,314.916303,1,315.427518,1,315.918710,1,315.468215,1,313.934870,1,316.833997,1,315.398612,1,316.303871,1,316.600826,1,220.289259,1,313.735694,1,126.731788,1,315.937712,1,314.132317,1,317.237781,1,315.883161,1
54.325654,0,716.846653,1,715.286543,1,715.524972,1,714.638678,1,716.271833,1,714.716482,1,713.789318,1,715.148070,1,623.342348,1,714.951415,1,714.710799,1,713.993132,1,713.706795,1,715.162022,1,713.612344,1,717.126211,1,53.074819,0,716.824470,1,713.601193,1,714.826750,1,716.132226,1,717.927153,1,716.695175,1,715.372314,1,716.559718,1,618.115599,1,715.183207,1,714.361810,1,714.672764,1
414.088110,1,413.214177,1,415.185536,1,131.807759,1,413.428589,1,414.950330,1,414.935569,1,416.862790,1,321.162282,1,319.624870,1,413.961389,1,414.864876,1,414.030257,1,415.048700,1,414.290703,1,414.766224,1,414.303212,1,417.178434,1,415.354314,1,416.576322,1,417.746017,1,415.093298,1,319.345982,1,415.829475,1,414.859104,1,415.754862,1,415.710610,1,417.759620,1,413.844916,1,413.963216,1
715.599566,1,619.807122,1,619.279920,1,713.619173,1,717.610407,1,716.222217,1,716.617298,1,713.735746,1,714.668341,1,715.430361,1,714.974128,1,70.084049,0,713.500452,1,713.965271,1,713.583743,1,717.436327,1,715.243129,1,716.761056,1,715.295604,1,714.606316,1,618.970060,1,714.582482,1,715.790427,1,714.220876,1,716.296096,1,715.315538,1,715.614620,1,522.956341,1,48.859185,0,716.699699,1
622.598103,1,620.058707,1,714.959759,1,524.627569,1,717.546172,1,715.720623,1,68.950695,0,38.934534,0,428.745213,1,714.434333,1,527.894986,1,716.444127,1,715.073054,1,715.546540,1,715.738805,1,716.310667,1,714.945500,1,713.799962,1,714.019163,1,713.659657,1,619.348520,1,713.663206,1,714.523873,1,715.049778,1,715.353992,1,625.560094,1,714.256777,1,56.537620,0,715.370209,1,713.694133,1
714.015740,1,715.266863,1,717.756764,1,717.293899,1,713.753752,1,716.995929,1,713.992226,1,717.473108,1,713.627573,1,69.528419,0,620.609241,1,715.510113,1,623.578834,1,713.894840,1,715.574783,1,715.831962,1,714.317687,1,717.477904,1,713.785574,1,714.297499,1,714.194138,1,714.301151,1,713.897251,1,715.614960,1,713.715899,1,714.973364,1,624.922754,1,621.258015,1,715.236887,1,623.837658,1
715.805878,1,715.886110,1,714.057139,1,622.224402,1,717.841761,1,524.182960,1,713.803199,1,715.216963,1,713.541768,1,713.642576,1,341.597720,1,714.581658,1,714.624312,1,68.613477,0,717.258680,1,622.241027,1,716.622380,1,624.419033,1,717.015144,1,811.021664,1,715.519422,1,717.389571,1,717.772224,1,714.644686,1,714.290289,1,618.094229,1,715.081360,1,717.027088,1,717.009599,1,716.020092,1
715.555961,1,68.318943,0,624.606714,1,717.884262,1,714.122152,1,715.155850,1,716.612423,1,714.898326,1,52.747424,0,713.553200,1,714.467802,1,619.253720,1,714.866649,1,716.366748,1,715.869542,1,717.354569,1,713.951719,1,714.437792,1,717.758339,1,714.238206,1,714.627237,1,718.017386,1,717.214813,1,716.869687,1,714.113874,1,714.057852,1,625.886249,1,717.059249,1,622.381781,1,716.914423,1
716.915634,1,716.134577,1,717.472122,1,714.680155,1,713.719980,1,714.795890,1,714.076619,1,713.931346,1,717.233172,1,713.768251,1,714.744835,1,716.344271,1,625.035423,1,716.649264,1,434.081991,1,714.148985,1,714.560435,1,716.777020,1,716.957392,1,715.597540,1,714.458770,1,69.859365,0,624.398249,1,623.929323,1,715.776700,1,715.097299,1,530.006932,1,715.107166,1,717.358859,1,717.346575,1
717.407606,1,716.596203,1,716.841768,1,713.227038,1,716.204414,1,69.200338,0,528.117330,1,715.228065,1,714.461103,1,714.921878,1,713.770448,1,69.495105,0,714.783180,1,714.037371,1,714.940289,1,716.355442,1,714.884479,1,714.232579,1,714.906729,1,716.680797,1,619.395128,1,714.434895,1,714.793872,1,714.627403,1,714.992814,1,714.335037,1,713.900303,1,716.654532,1,714.363822,1,715.488479,1
714.747079,1,716.003197,1,714.342436,1,717.439556,1,713.874471,1,713.487628,1,716.342239,1,717.465362,1,715.229052,1,714.147643,1,618.950977,1,714.057955,1,717.587240,1,714.996868,1,716.396960,1,713.652292,1,714.290971,1,714.021807,1,717.004820,1,149.208845,1,715.370107,1,715.354677,1,714.645098,1,715.280679,1,715.072195,1,714.339132,1,69.640762,0,53.263796,0,714.700085,1,714.409060,1
714.165009,1,715.697195,1,714.606105,1,524.046296,1,713.312569,1,624.231180,1,713.933218,1,713.970464,1,714.894242,1,717.867504,1,714.507650,1,714.272802,1,713.826845,1,626.042283,1,713.766826,1,620.473411,1,716.624008,1,716.365432,1,713.114704,1,713.978171,1,715.605952,1,715.259094,1,714.638425,1,716.663101,1,714.565536,1,524.338133,1,715.561665,1,713.679678,1,714.499676,1,153.826213,1
717.869063,1,715.021700,1,713.573761,1,715.250426,1,717.542675,1,46.863869,0,713.543604,1,717.048445,1,713.714114,1,715.310601,1,715.510130,1,716.613347,1,715.194634,1,716.425178,1,625.966915,1,49.806133,0,714.151680,1,716.075779,1,715.991965,1,717.056937,1,428.214993,1,621.102687,1,716.483517,1,715.289536,1,713.880074,1,716.038369,1,714.884766,1,713.845023,1,714.053947,1,715.679151,1
316.891320,1,314.095944,1,316.950452,1,313.556243,1,315.169835,1,314.908347,1,314.846528,1,317.336468,1,317.147631,1,314.286788,1,313.927276,1,314.769339,1,316.112283,1,314.527123,1,313.871189,1,315.457111,1,315.770382,1,220.427687,1,317.785172,1,316.155621,1,317.675559,1,316.939305,1,124.018576,1,315.843183,1,314.300278,1,313.759383,1,313.881943,1,314.099366,1,313.663475,1,314.982206,1
715.876526,1,713.802396,1,340.286743,1,716.402955,1,717.476112,1,715.640433,1,716.815039,1,717.104705,1,714.462023,1,714.985695,1,714.491059,1,713.930125,1,714.236482,1,713.964982,1,713.629734,1,718.012983,1,69.353229,0,714.726079,1,714.809712,1,717.487819,1,67.294733,0,624.232323,1,714.404226,1,713.318236,1,713.726980,1,717.012994,1,715.327121,1,714.487818,1,716.043937,1,715.847183,1
626.772983,1,715.437917,1,623.142429,1,625.200139,1,715.077323,1,717.167376,1,717.173365,1,714.761219,1,716.156722,1,717.500266,1,715.453901,1,717.246374,1,715.589164,1,715.067478,1,524.305575,1,716.326519,1,68.756279,0,716.265744,1,713.781872,1,716.007294,1,715.773686,1,714.082496,1,521.924440,1,713.996522,1,715.601214,1,715.255992,1,715.888598,1,623.478558,1,714.626525,1,713.307819,1
716.051850,1,713.373452,1,713.695739,1,717.290015,1,717.363108,1,715.181287,1,713.750983,1,713.643121,1,619.233907,1,714.627760,1,716.812994,1,714.505227,1,716.628676,1,714.315054,1,716.032861,1,716.445305,1,713.908377,1,716.671809,1,713.974873,1,68.885853,0,717.620312,1,713.865864,1,715.309293,1,624.782998,1,714.811733,1,715.306229,1,714.535880,1,715.054610,1,713.572248,1,714.804404,1
714.933832,1,70.642244,0,713.549441,1,716.864012,1,714.975906,1,715.459787,1,716.017747,1,713.752192,1,715.471865,1,619.360078,1,716.210305,1,55.837633,0,717.362432,1,717.276074,1,718.031953,1,714.040382,1,715.819505,1,714.084747,1,715.344511,1,716.820693,1,51.662755,0,714.435587,1,714.712534,1,717.673692,1,713.528713,1,717.551601,1,717.091380,1,716.687099,1,713.845573,1,713.731371,1
809.188714,1,624.757149,1,717.447562,1,717.523357,1,717.348612,1,716.211782,1,715.573328,1,717.672741,1,810.004967,1,714.297501,1,809.813581,1,625.762745,1,714.654424,1,715.722342,1,69.474940,0,715.967059,1,714.394468,1,717.486914,1,715.777422,1,716.974965,1,68.680152,0,620.419649,1,619.975809,1,716.285156,1,716.035173,1,715.007489,1,716.358767,1,715.899746,1,714.128677,1,714.015469,1
417.237897,1,416.591458,1,508.883174,1,414.217715,1,414.708332,1,414.190077,1,413.567722,1,415.465272,1,414.207643,1,415.353544,1,417.671464,1,414.814027,1,415.807889,1,414.354660,1,413.381192,1,416.374072,1,416.509458,1,417.586112,1,416.503211,1,414.144292,1,414.623937,1,413.971193,1,417.012649,1,414.747057,1,415.917277,1,415.144910,1,416.337475,1,129.585894,1,414.297194,1,414.263585,1
715.841686,1,717.056681,1,716.033296,1,713.560231,1,714.548920,1,714.189168,1,618.974391,1,715.259762,1,716.172164,1,716.139448,1,717.091558,1,714.619494,1,715.335868,1,68.600712,0,714.594467,1,715.759640,1,714.278999,1,716.057003,1,717.277093,1,713.814870,1,715.888408,1,715.604160,1,715.513429,1,717.442045,1,715.023395,1,619.593098,1,717.439357,1,717.261260,1,716.662875,1,715.053326,1
625.809090,1,714.019320,1,714.726939,1,69.172160,0,715.270143,1,713.638714,1,714.960779,1,716.457020,1,716.080146,1,716.775435,1,713.990465,1,713.563187,1,715.848173,1,714.286742,1,715.167547,1,715.433823,1,716.674420,1,51.381063,0,68.716219,0,715.084507,1,714.964951,1,715.105351,1,714.797466,1,715.925485,1,717.101901,1,713.432838,1,713.788861,1,714.921441,1,714.001522,1,718.112322,1
315.477119,1,316.051100,1,315.983470,1,317.776362,1,317.329472,1,315.458344,1,314.407054,1,317.784370,1,315.485573,1,315.090287,1,124.622212,1,314.368694,1,317.653485,1,317.777114,1,314.211754,1,315.719226,1,315.496070,1,314.829868,1,315.794372,1,314.620157,1,314.515485,1,222.207656,1,314.070138,1,315.665990,1,317.160905,1,313.852212,1,314.044897,1,315.338599,1,314.463628,1,122.598531,1
715.714432,1,714.831483,1,715.360156,1,717.265733,1,714.765088,1,713.626909,1,618.972874,1,716.074849,1,713.941831,1,715.187460,1,714.201465,1,714.346327,1,714.884396,1,715.884375,1,717.818582,1,714.331980,1,714.089468,1,715.746150,1,713.863631,1,714.117002,1,714.659714,1,717.232245,1,715.956080,1,714.969000,1,714.450475,1,715.912009,1,713.686517,1,69.082261,0,714.023130,1,716.419563,1
715.751238,1,715.771894,1,525.976370,1,715.287261,1,714.140528,1,715.292376,1,625.310794,1,713.835249,1,713.517532,1,624.371199,1,713.408584,1,69.303060,0,713.704717,1,714.466304,1,715.587371,1,715.186772,1,717.374572,1,714.591301,1,714.414667,1,717.275946,1,715.939379,1,714.845058,1,713.775987,1,714.455971,1,717.248310,1,715.797480,1,714.179659,1,713.767615,1,715.445289,1,714.800571,1
416.046717,1,417.004802,1,415.231628,1,415.280636,1,416.915136,1,416.908607,1,415.805626,1,415.066912,1,416.797808,1,414.303253,1,417.230709,1,413.502934,1,416.626068,1,415.989236,1,415.764991,1,417.182087,1,414.018568,1,415.457666,1,414.366850,1,414.892214,1,415.709307,1,415.634173,1,415.207802,1,415.559368,1,414.455883,1,416.690871,1,415.985835,1,413.561216,1,126.987368,1,414.307560,1
