=== PPO Raw Episode Data ===
Training Started: 2025-09-03_11:19:10
Number of Environments: 30

Rewards env 1,Dones env 1,Rewards env 2,Dones env 2,Rewards env 3,Dones env 3,Rewards env 4,Dones env 4,Rewards env 5,Dones env 5,Rewards env 6,Dones env 6,Rewards env 7,Dones env 7,Rewards env 8,Dones env 8,Rewards env 9,Dones env 9,Rewards env 10,Dones env 10,Rewards env 11,Dones env 11,Rewards env 12,Dones env 12,Rewards env 13,Dones env 13,Rewards env 14,Dones env 14,Rewards env 15,Dones env 15,Rewards env 16,Dones env 16,Rewards env 17,Dones env 17,Rewards env 18,Dones env 18,Rewards env 19,Dones env 19,Rewards env 20,Dones env 20,Rewards env 21,Dones env 21,Rewards env 22,Dones env 22,Rewards env 23,Dones env 23,Rewards env 24,Dones env 24,Rewards env 25,Dones env 25,Rewards env 26,Dones env 26,Rewards env 27,Dones env 27,Rewards env 28,Dones env 28,Rewards env 29,Dones env 29,Rewards env 30,Dones env 30
123.074979,1,29.292392,0,27.776110,0,310.404803,1,28.965884,0,22.401104,0,22.103474,0,26.622954,0,125.262302,1,27.615627,0,123.936444,1,24.728869,0,26.103927,0,29.242934,0,26.821481,0,27.916253,0,23.424094,0,33.290027,0,25.337665,0,24.424218,0,23.692767,0,31.800136,0,28.867565,0,23.677440,0,29.139187,0,26.127319,0,24.999199,0,28.552017,0,24.589426,0,26.872257,0
213.571718,1,25.158572,0,26.071698,0,25.822043,0,26.010173,0,32.849262,0,28.469050,0,26.245719,0,124.817752,1,27.695611,0,23.440963,0,25.083282,0,24.047760,0,26.814985,0,26.517352,0,28.711602,0,29.690771,0,24.269497,0,23.689815,0,25.973323,0,26.514471,0,28.233543,0,28.596549,0,22.871038,0,23.160678,0,25.697952,0,32.853129,0,26.392212,0,26.128705,0,29.404634,0
27.042010,0,26.278379,0,25.545971,0,23.706804,0,30.967912,0,29.407493,0,28.772279,0,34.085804,0,120.778959,1,26.406232,0,23.594716,0,23.631449,0,23.862984,0,25.839745,0,22.968029,0,29.064055,0,23.088772,0,217.015775,1,26.889408,0,23.776232,0,29.581673,0,32.431333,0,27.191533,0,27.797804,0,24.150808,0,28.091956,0,27.236985,0,29.493693,0,29.010871,0,26.973548,0
215.041264,1,214.885694,1,30.951687,0,28.669445,0,25.110834,0,22.994991,0,22.242139,0,26.920084,0,23.373138,0,28.338014,0,27.261022,0,24.788384,0,26.476518,0,25.031701,0,27.795604,0,29.000171,0,24.582449,0,28.517844,0,28.211590,0,27.298780,0,25.968803,0,24.688300,0,214.552917,1,24.528931,0,24.664714,0,22.223164,0,24.156992,0,29.467472,0,32.490731,0,128.558815,1
25.489903,0,24.704479,0,118.485403,1,29.327236,0,27.772187,0,22.597573,0,213.173487,1,24.407018,0,27.607929,0,30.943916,0,28.801730,0,22.484685,0,27.171402,0,26.328886,0,24.852286,0,22.296342,0,22.586648,0,31.512356,0,219.282662,1,26.341857,0,32.381114,0,26.775039,0,25.720516,0,213.359854,1,25.442367,0,24.685567,0,27.276198,0,123.549071,1,25.499836,0,31.506175,0
26.703499,0,26.350667,0,24.455972,0,24.613707,0,215.871080,1,309.501442,1,22.881135,0,28.206477,0,214.230313,1,215.820161,1,29.152737,0,29.449161,0,214.958484,1,29.083119,0,24.811652,0,29.497591,0,24.838598,0,29.457156,0,23.258089,0,213.957529,1,25.886645,0,32.895459,0,24.300006,0,28.608917,0,24.485267,0,26.852588,0,24.076148,0,23.586188,0,28.537112,0,34.166098,0
28.502475,0,27.840925,0,23.954270,0,28.999674,0,26.764640,0,24.218344,0,23.880315,0,213.612724,1,22.740230,0,25.494947,0,29.635466,0,29.782498,0,119.693033,1,213.619574,1,23.903662,0,23.540746,0,22.246575,0,214.934792,1,24.379705,0,23.630601,0,29.964779,0,23.100417,0,22.984645,0,27.161788,0,26.326103,0,309.847752,1,23.259206,0,309.485088,1,28.440136,0,21.977235,0
23.437682,0,23.282425,0,119.907471,1,22.982255,0,23.716681,0,38.245115,0,121.399838,1,120.393498,1,22.448540,0,26.434907,0,25.510018,0,26.203193,0,214.163869,1,22.876203,0,28.045394,0,28.184218,0,23.254349,0,215.847676,1,25.472299,0,28.302901,0,28.381534,0,33.563440,0,218.748235,1,23.200899,0,27.907368,0,120.093639,1,25.890016,0,25.218980,0,22.546076,0,22.953349,0
23.919900,0,310.450846,1,310.943226,1,214.875379,1,221.466929,1,28.184496,0,218.819742,1,214.163935,1,22.765073,0,23.629496,0,29.144219,0,219.102557,1,29.071066,0,24.491967,0,23.266432,0,23.228074,0,24.177723,0,24.699774,0,28.764738,0,27.967034,0,22.675787,0,24.810456,0,22.581271,0,26.454841,0,120.314407,1,23.644765,0,23.607666,0,24.707606,0,24.519827,0,22.203852,0
22.883221,0,32.409783,0,28.679923,0,28.234499,0,25.169168,0,29.930541,0,27.281056,0,24.480282,0,23.215408,0,25.788272,0,214.241147,1,23.352614,0,27.873982,0,118.549315,1,219.698297,1,24.215106,0,25.578918,0,24.679280,0,28.339653,0,26.018338,0,23.375757,0,218.186619,1,124.636338,1,22.851638,0,219.009482,1,22.486647,0,29.870851,0,29.010374,0,26.442187,0,123.912808,1
213.822607,1,25.469150,0,25.193452,0,310.440904,1,28.184814,0,217.666379,1,216.401206,1,214.883996,1,26.334369,0,27.877955,0,22.320148,0,28.380130,0,29.520379,0,23.752441,0,24.809095,0,23.080515,0,28.818844,0,22.545418,0,24.028734,0,31.989685,0,311.722211,1,23.462473,0,118.139701,1,28.709146,0,122.894718,1,24.739309,0,27.034067,0,23.723348,0,27.724316,0,29.052308,0
26.428100,0,215.239965,1,25.873065,0,28.804303,0,29.979763,0,22.115163,0,33.641673,0,119.619770,1,29.397192,0,28.815605,0,23.898416,0,23.792131,0,26.717841,0,29.961652,0,25.392972,0,22.947965,0,25.938732,0,24.657616,0,29.984123,0,22.515621,0,28.406478,0,24.561558,0,123.385258,1,29.954610,0,28.599637,0,25.693872,0,25.878678,0,23.569315,0,27.375729,0,27.726673,0
24.701292,0,23.239103,0,24.555243,0,23.656103,0,23.949662,0,309.627659,1,25.126756,0,127.361563,1,118.111776,1,214.516011,1,216.198163,1,29.514099,0,28.038042,0,23.798722,0,215.476163,1,118.056158,1,24.190798,0,31.350141,0,217.563565,1,24.631292,0,24.512308,0,23.864845,0,23.763893,0,220.661938,1,24.045855,0,308.906159,1,26.820777,0,25.297229,0,219.592397,1,309.155773,1
121.356100,1,309.161852,1,30.106246,0,24.163148,0,29.642189,0,27.661760,0,23.536660,0,24.259528,0,25.957720,0,27.892892,0,25.275439,0,28.311192,0,22.520896,0,24.884152,0,22.227764,0,27.361093,0,28.466672,0,309.031636,1,26.302554,0,213.422988,1,27.674747,0,26.230944,0,34.592752,0,22.571518,0,22.274206,0,22.311878,0,27.133168,0,29.311440,0,23.365392,0,215.245733,1
22.403374,0,123.851824,1,123.719407,1,28.019349,0,29.868999,0,35.545534,0,23.912172,0,28.981952,0,28.440745,0,23.339653,0,26.929190,0,117.788813,1,219.370663,1,26.806654,0,217.673034,1,124.555703,1,27.880002,0,28.456849,0,29.405191,0,126.053170,1,29.240794,0,23.612954,0,25.368751,0,25.229028,0,127.531320,1,27.242558,0,118.574148,1,121.813610,1,27.885672,0,24.853012,0
29.823963,0,22.896309,0,220.002556,1,311.709776,1,23.673221,0,24.194850,0,25.196225,0,22.481631,0,27.906137,0,24.597723,0,22.825323,0,25.449653,0,34.045318,0,24.356192,0,30.549572,0,28.757259,0,26.433731,0,26.118187,0,128.599417,1,118.916993,1,26.963528,0,25.757960,0,216.119980,1,311.399656,1,214.838666,1,23.853291,0,22.900402,0,31.889235,0,25.220033,0,310.860348,1
127.896669,1,22.956655,0,23.080878,0,22.874159,0,24.312904,0,118.402771,1,23.773421,0,28.977135,0,23.373288,0,27.058990,0,30.714322,0,121.581410,1,29.229225,0,27.400308,0,23.523003,0,24.849125,0,24.560653,0,23.519112,0,23.909741,0,311.777885,1,26.286237,0,22.462751,0,26.345907,0,22.270760,0,23.571482,0,28.280589,0,27.659598,0,25.171556,0,27.584437,0,29.232980,0
29.102763,0,28.552561,0,27.447840,0,28.945869,0,26.550967,0,27.573094,0,121.405017,1,23.288636,0,26.664621,0,121.969388,1,32.225778,0,125.890924,1,26.746241,0,33.168310,0,27.275999,0,26.787483,0,29.492483,0,26.169754,0,123.741175,1,28.710410,0,120.285844,1,28.044572,0,29.237191,0,25.724151,0,24.681447,0,24.570512,0,309.241370,1,216.900929,1,27.809872,0,26.773810,0
216.535820,1,214.892501,1,25.940502,0,24.943999,0,26.993902,0,117.837553,1,26.987716,0,23.195252,0,25.194345,0,26.722167,0,23.414698,0,22.334469,0,216.489842,1,27.996258,0,28.562943,0,118.292342,1,24.116501,0,24.192931,0,214.545361,1,25.238456,0,27.081923,0,28.444365,0,219.482066,1,27.064679,0,214.529319,1,32.272332,0,22.797283,0,24.537133,0,27.667141,0,25.158698,0
27.323826,0,27.402304,0,27.028082,0,26.840559,0,213.149265,1,23.542301,0,25.080689,0,31.953324,0,32.345277,0,309.158300,1,118.443956,1,28.964738,0,213.819055,1,213.567869,1,123.949996,1,27.803319,0,119.196053,1,27.884634,0,25.755636,0,36.150741,0,23.806093,0,122.693378,1,27.114088,0,22.531140,0,310.093841,1,124.040493,1,30.475718,0,125.454387,1,28.083577,0,27.240795,0
28.676124,0,24.480951,0,32.211493,0,27.389026,0,29.813046,0,213.578152,1,23.096072,0,214.049637,1,34.366375,0,29.863338,0,25.375124,0,25.601750,0,26.635048,0,25.315846,0,28.080457,0,27.390630,0,24.551744,0,123.587296,1,23.539973,0,27.965802,0,28.130853,0,214.012816,1,22.669082,0,33.926623,0,25.177955,0,27.768861,0,119.822606,1,27.985747,0,311.089361,1,31.549342,0
309.548154,1,123.897302,1,33.628202,0,27.119465,0,29.109035,0,28.431229,0,220.324617,1,32.401786,0,213.702736,1,213.938236,1,25.892682,0,119.084327,1,27.489546,0,28.454388,0,23.272727,0,124.829469,1,24.353744,0,214.425169,1,25.508441,0,26.065489,0,35.353162,0,23.352604,0,25.056499,0,26.567769,0,123.674162,1,216.664434,1,30.871439,0,37.049508,0,218.316203,1,24.816634,0
23.926005,0,29.564145,0,29.575875,0,311.637413,1,310.369959,1,218.792777,1,23.437356,0,25.936526,0,309.153501,1,25.169000,0,121.898514,1,24.931148,0,219.303460,1,29.621427,0,126.720560,1,215.667313,1,26.529381,0,23.890343,0,26.567850,0,216.297745,1,27.266373,0,25.041855,0,24.142860,0,29.457823,0,26.215584,0,29.062243,0,309.657254,1,214.532726,1,125.296649,1,22.806769,0
213.816398,1,25.340209,0,215.821703,1,219.179237,1,29.713984,0,119.523230,1,35.462118,0,309.487052,1,26.252276,0,128.143850,1,29.053121,0,118.512469,1,24.057395,0,220.358585,1,24.308382,0,123.528435,1,28.509869,0,23.851461,0,215.317963,1,27.524445,0,23.071777,0,29.079132,0,27.758257,0,29.310333,0,214.620406,1,29.476536,0,29.801719,0,217.668129,1,308.924265,1,22.340487,0
23.915684,0,309.946123,1,118.345867,1,26.977184,0,28.991143,0,122.541936,1,22.769153,0,123.565765,1,310.697127,1,24.235180,0,23.472678,0,214.875355,1,23.994752,0,215.913518,1,25.293987,0,24.858157,0,25.848825,0,26.737553,0,28.295210,0,24.280026,0,28.122195,0,33.476674,0,28.016671,0,24.169524,0,26.564892,0,221.115359,1,28.636921,0,24.805575,0,26.856327,0,25.135963,0
214.030185,1,26.004770,0,129.838413,1,33.999266,0,213.431760,1,26.438838,0,310.062919,1,31.037694,0,29.508821,0,130.008971,1,34.335270,0,123.525232,1,214.028296,1,118.565238,1,30.588835,0,214.182213,1,29.341831,0,22.125523,0,220.081926,1,28.645538,0,27.255147,0,214.233480,1,23.589456,0,28.585554,0,22.657639,0,32.951758,0,24.166652,0,122.679868,1,122.339731,1,123.760556,1
125.647898,1,22.405303,0,309.188160,1,27.028525,0,27.380789,0,122.916589,1,28.584203,0,119.609656,1,213.597295,1,119.769501,1,24.452887,0,119.241840,1,213.680790,1,28.979488,0,120.500208,1,123.780514,1,124.776989,1,218.263640,1,28.483600,0,120.988001,1,23.376388,0,23.412104,0,28.506533,0,25.170019,0,119.258455,1,33.341209,0,219.007441,1,22.509854,0,30.166911,0,22.276815,0
23.847304,0,25.514795,0,218.021597,1,23.453537,0,29.161372,0,36.579114,0,34.643525,0,213.367616,1,23.589638,0,25.326814,0,215.746648,1,120.975613,1,31.407512,0,25.987980,0,30.150006,0,23.992987,0,123.739010,1,121.265339,1,24.385594,0,23.449621,0,216.273657,1,123.638947,1,216.283001,1,27.754192,0,125.303637,1,28.445550,0,213.844553,1,219.510410,1,214.405807,1,215.631012,1
34.778337,0,126.741293,1,25.278376,0,215.298866,1,123.538039,1,119.801218,1,121.228242,1,216.256829,1,213.772392,1,123.464322,1,215.086226,1,119.861793,1,25.691677,0,29.791216,0,310.940493,1,34.415907,0,26.582691,0,30.752829,0,126.634265,1,129.512412,1,29.308324,0,25.208800,0,29.919706,0,32.428105,0,214.883833,1,23.335621,0,220.634225,1,214.495601,1,124.194067,1,118.364287,1
27.584884,0,29.460162,0,219.225340,1,30.201926,0,309.735736,1,23.834095,0,26.961590,0,309.518341,1,26.563609,0,23.290263,0,119.555298,1,24.374683,0,22.142580,0,26.140831,0,28.068161,0,119.532876,1,25.898364,0,118.198156,1,219.220637,1,33.203546,0,28.746044,0,26.119036,0,120.571194,1,22.731565,0,32.655546,0,24.226628,0,120.798847,1,120.264597,1,28.859875,0,308.929792,1
24.066219,0,214.233101,1,27.997344,0,309.992865,1,218.874175,1,119.561887,1,123.392201,1,122.593737,1,216.002679,1,217.320420,1,309.336218,1,122.558918,1,311.463565,1,23.503380,0,31.109776,0,24.043475,0,27.993044,0,22.702020,0,30.018063,0,214.952877,1,23.182906,0,310.225608,1,26.576095,0,26.776290,0,23.038161,0,214.694460,1,24.230459,0,27.863925,0,22.721494,0,309.008307,1
217.357357,1,23.439421,0,29.868273,0,122.524075,1,309.476048,1,217.243505,1,27.790565,0,213.904317,1,31.440762,0,309.147114,1,23.455192,0,216.575869,1,214.673241,1,23.103559,0,215.162471,1,29.159114,0,22.283514,0,118.224802,1,32.552364,0,26.333924,0,215.570246,1,27.749873,0,26.474076,0,24.307498,0,26.648005,0,121.327331,1,28.668464,0,309.340046,1,22.331775,0,123.078951,1
124.356412,1,309.047877,1,39.353638,0,24.255959,0,26.410876,0,214.778362,1,215.068651,1,117.940984,1,214.207551,1,218.841415,1,25.617065,0,32.681135,0,217.013853,1,123.615366,1,31.021794,0,309.362114,1,216.354122,1,29.920203,0,213.973161,1,24.497412,0,26.858210,0,120.750509,1,23.827048,0,119.076782,1,24.403008,0,214.972941,1,214.945708,1,23.865758,0,118.810392,1,26.285483,0
120.042038,1,27.895005,0,213.180063,1,120.206308,1,214.571721,1,118.912762,1,216.819095,1,27.653537,0,23.532902,0,119.337469,1,25.494966,0,25.021714,0,28.877690,0,214.398770,1,27.075119,0,32.464690,0,309.514941,1,24.008419,0,24.782775,0,218.967793,1,217.785193,1,217.512886,1,27.984798,0,216.222700,1,26.105180,0,120.609144,1,28.418960,0,215.402621,1,310.416609,1,119.129853,1
22.029212,0,125.333093,1,25.436350,0,309.416502,1,24.195074,0,27.231826,0,26.115842,0,23.773183,0,309.257280,1,29.837485,0,27.365340,0,213.689203,1,28.014341,0,214.328115,1,123.391768,1,216.802732,1,26.108425,0,214.278652,1,28.189283,0,28.930448,0,22.966077,0,24.349868,0,213.913064,1,24.177493,0,25.404460,0,29.076635,0,118.321496,1,213.168352,1,32.893486,0,217.432437,1
309.347912,1,24.203440,0,119.076091,1,24.540608,0,22.213723,0,215.853258,1,24.181362,0,119.952534,1,28.563592,0,219.270692,1,26.485039,0,218.793678,1,124.517594,1,37.414563,0,23.077998,0,217.488044,1,310.121922,1,26.491965,0,214.681723,1,214.648248,1,23.655033,0,123.460504,1,310.096293,1,215.435749,1,216.238684,1,217.428273,1,22.472508,0,30.595662,0,25.197439,0,22.484833,0
216.060479,1,309.166247,1,309.535924,1,309.549114,1,123.086579,1,32.293403,0,214.470363,1,309.634896,1,219.137300,1,27.256440,0,218.952487,1,216.801549,1,30.856706,0,30.838667,0,213.850028,1,219.022968,1,214.424479,1,217.698465,1,27.169369,0,123.041565,1,32.833568,0,28.141881,0,121.773320,1,27.453551,0,26.554996,0,120.721484,1,213.694752,1,23.572889,0,32.844128,0,122.809265,1
125.113484,1,28.117121,0,308.924913,1,24.563176,0,29.674777,0,220.226571,1,310.144272,1,24.529070,0,215.251518,1,23.526369,0,34.073129,0,28.503967,0,213.467776,1,27.228339,0,213.508013,1,28.820946,0,215.373376,1,214.937576,1,27.579356,0,218.878392,1,27.714807,0,25.731570,0,118.265559,1,31.694195,0,27.208095,0,29.288226,0,24.422636,0,29.922247,0,214.154105,1,218.282848,1
213.587641,1,26.822329,0,30.256650,0,26.737294,0,22.655834,0,213.836450,1,22.417089,0,214.104888,1,31.409406,0,27.268115,0,28.166277,0,213.583904,1,28.031604,0,30.050918,0,218.634331,1,34.060478,0,25.943436,0,22.454590,0,28.530559,0,24.157960,0,214.549106,1,214.106981,1,28.473853,0,33.692607,0,24.789979,0,29.162648,0,214.475936,1,309.200831,1,26.209143,0,32.647251,0
27.139236,0,28.357198,0,123.416150,1,125.056821,1,214.343813,1,31.016179,0,309.216067,1,27.901092,0,24.982229,0,24.252869,0,27.029666,0,124.711824,1,25.534014,0,22.397163,0,309.418279,1,23.038161,0,310.680863,1,25.742828,0,29.980073,0,122.472267,1,309.781619,1,213.268170,1,309.795118,1,23.454680,0,219.606275,1,30.531245,0,25.541820,0,28.247302,0,309.358839,1,28.406450,0
29.574592,0,215.388265,1,218.866963,1,27.501272,0,120.297226,1,309.989315,1,219.166790,1,29.424213,0,214.380600,1,219.271980,1,122.258140,1,309.109888,1,28.790269,0,28.575346,0,218.732063,1,124.089062,1,32.272705,0,31.351702,0,123.581909,1,28.925872,0,218.039891,1,309.251149,1,23.834461,0,309.275545,1,218.345448,1,119.326205,1,31.488282,0,36.829381,0,219.430570,1,218.697337,1
309.148815,1,29.279231,0,30.777506,0,219.664167,1,27.950077,0,28.291345,0,30.463561,0,23.796145,0,24.565143,0,118.081661,1,27.473352,0,309.468817,1,309.902286,1,215.321773,1,309.097001,1,30.026627,0,26.295905,0,24.726687,0,32.412584,0,214.951533,1,218.891660,1,26.986377,0,120.886143,1,120.552770,1,31.253941,0,29.057541,0,28.611663,0,309.546253,1,25.672586,0,25.787833,0
119.822652,1,125.324738,1,219.223942,1,309.179756,1,309.893767,1,215.430838,1,125.502478,1,214.974601,1,26.442064,0,39.800071,0,215.330224,1,35.314383,0,24.208738,0,309.609388,1,215.923798,1,219.495597,1,28.275910,0,310.923603,1,308.843433,1,25.170809,0,35.959477,0,28.497426,0,215.121558,1,122.560641,1,215.985219,1,218.152484,1,26.714551,0,29.203530,0,215.675293,1,215.414291,1
213.643174,1,25.222126,0,29.449737,0,214.339165,1,126.047143,1,26.219314,0,32.880318,0,120.994493,1,215.324298,1,34.485634,0,216.310768,1,309.528028,1,26.765303,0,310.121233,1,24.948436,0,309.123332,1,33.667936,0,214.288150,1,216.798332,1,26.285830,0,216.178779,1,34.143176,0,124.860316,1,310.645019,1,30.740838,0,28.113802,0,213.736675,1,22.604880,0,122.276439,1,214.971808,1
310.406133,1,309.193295,1,309.845052,1,23.839274,0,22.445080,0,309.567085,1,118.453603,1,309.087502,1,216.065165,1,26.793920,0,213.927474,1,215.254395,1,219.031662,1,24.118401,0,311.816769,1,309.284832,1,27.821535,0,216.928476,1,310.254913,1,215.968900,1,25.149182,0,23.163738,0,309.465551,1,120.483394,1,121.104312,1,309.457793,1,28.824247,0,309.239971,1,310.217779,1,23.803604,0
28.888786,0,216.086774,1,118.039864,1,25.944426,0,217.755978,1,215.698026,1,25.808751,0,213.615883,1,213.940692,1,217.824617,1,216.863643,1,28.218048,0,309.813704,1,29.498560,0,310.009698,1,124.144956,1,214.113156,1,216.088795,1,24.142775,0,214.249925,1,123.349876,1,122.429505,1,309.536478,1,121.302337,1,121.843413,1,216.319386,1,121.318291,1,23.423759,0,26.170462,0,32.514833,0
215.719165,1,23.773397,0,118.510075,1,123.331974,1,23.300139,0,309.582802,1,213.610381,1,215.910786,1,213.898144,1,28.196517,0,26.981347,0,216.864445,1,310.395167,1,26.562576,0,217.325000,1,118.796455,1,119.529781,1,216.938817,1,125.773998,1,214.812077,1,311.474985,1,26.308590,0,29.088671,0,32.828320,0,31.783120,0,213.370533,1,123.996155,1,24.948467,0,22.577993,0,214.598842,1
309.277306,1,215.708409,1,217.241233,1,33.786881,0,122.579542,1,214.261873,1,309.649009,1,311.422006,1,119.644045,1,118.136594,1,219.044234,1,22.970552,0,23.310494,0,121.654798,1,213.724505,1,31.278553,0,215.204932,1,26.312187,0,25.550563,0,216.222853,1,215.501927,1,23.597433,0,219.766947,1,28.798968,0,123.088022,1,27.549652,0,217.233525,1,24.501961,0,215.709103,1,216.043245,1
27.508668,0,119.380679,1,216.325082,1,29.650147,0,120.373223,1,24.587593,0,122.734254,1,214.292738,1,26.554371,0,118.676712,1,214.893190,1,24.094919,0,28.815888,0,123.174955,1,216.064021,1,214.847104,1,309.716508,1,215.572891,1,120.877239,1,122.858633,1,309.939062,1,309.403891,1,121.799741,1,126.494818,1,24.191827,0,23.802849,0,214.321146,1,309.690922,1,22.921642,0,216.490044,1
123.123502,1,23.026795,0,218.889144,1,217.147601,1,118.413091,1,310.112879,1,122.645572,1,29.793862,0,27.595535,0,310.564942,1,28.608080,0,214.012972,1,213.802362,1,213.817228,1,214.545134,1,217.301782,1,23.203618,0,28.317462,0,26.017585,0,33.609001,0,214.812945,1,215.566702,1,26.629754,0,118.336784,1,25.059139,0,216.330820,1,215.471018,1,22.476327,0,123.591861,1,215.074834,1
214.613595,1,215.683420,1,27.768294,0,213.744732,1,28.433085,0,24.249149,0,118.680409,1,27.983053,0,215.131823,1,27.015824,0,27.367738,0,214.200914,1,29.697710,0,29.062455,0,32.822769,0,123.537792,1,215.050460,1,309.365588,1,30.929334,0,27.913305,0,24.153355,0,213.429657,1,215.226449,1,28.389424,0,309.481295,1,214.478036,1,121.301315,1,214.178293,1,22.726639,0,123.147543,1
217.047460,1,25.621728,0,217.514658,1,23.983879,0,214.417089,1,215.386097,1,215.288748,1,215.865534,1,214.684548,1,120.972348,1,118.609368,1,23.370677,0,22.646164,0,28.689129,0,119.513757,1,217.540242,1,217.596561,1,120.195951,1,213.653402,1,34.118507,0,119.105991,1,309.971346,1,120.298107,1,213.470473,1,214.501601,1,30.405433,0,214.856539,1,217.512357,1,119.172038,1,29.790889,0
118.008083,1,215.128982,1,214.514462,1,27.472280,0,309.899851,1,23.648633,0,125.045595,1,213.463952,1,26.490193,0,24.533193,0,24.810750,0,215.447560,1,214.936625,1,25.490304,0,27.032507,0,125.103414,1,24.900313,0,217.936893,1,125.725542,1,215.962921,1,216.153889,1,217.448775,1,30.691673,0,214.482555,1,124.082537,1,218.695112,1,217.271829,1,29.153611,0,217.592755,1,22.175529,0
118.694310,1,214.122120,1,214.735222,1,122.921227,1,119.429677,1,220.121345,1,214.261912,1,29.164798,0,216.383974,1,23.175928,0,120.635525,1,23.066102,0,26.103770,0,24.020738,0,120.171759,1,214.984367,1,34.355302,0,217.223947,1,32.239565,0,119.223792,1,22.120095,0,214.075797,1,216.342902,1,22.922861,0,119.804972,1,124.770011,1,213.845918,1,118.049557,1,27.490184,0,29.243843,0
26.642149,0,28.861031,0,27.768525,0,125.121500,1,214.487555,1,122.089786,1,217.563980,1,119.865081,1,215.214706,1,214.147806,1,126.954321,1,215.020453,1,124.063158,1,214.270171,1,118.204666,1,121.171331,1,27.491765,0,214.493302,1,214.825475,1,216.417191,1,215.390264,1,122.459522,1,309.140481,1,123.244011,1,23.607730,0,25.294597,0,215.681569,1,123.804161,1,215.997761,1,34.101881,0
213.648217,1,309.096483,1,29.158936,0,32.297404,0,215.592680,1,26.213265,0,122.628505,1,31.325613,0,214.088928,1,121.665192,1,214.253268,1,27.674785,0,118.851313,1,123.145248,1,27.940258,0,215.492456,1,215.882401,1,123.901498,1,124.698256,1,33.961397,0,27.184353,0,22.943167,0,216.096000,1,29.411095,0,33.368578,0,33.317114,0,23.183817,0,215.924613,1,217.468941,1,33.449666,0
215.858929,1,124.059582,1,213.481221,1,214.858292,1,215.491947,1,215.270551,1,25.682837,0,122.807753,1,123.330850,1,27.167443,0,32.838039,0,216.189235,1,215.433914,1,213.752607,1,216.880085,1,216.227912,1,215.615228,1,24.278782,0,215.381004,1,23.421772,0,214.505483,1,217.066194,1,311.774162,1,214.751245,1,215.536198,1,216.528373,1,213.451556,1,217.802102,1,123.477012,1,215.788847,1
221.105762,1,22.940011,0,218.952943,1,213.682664,1,29.982349,0,216.587253,1,214.469723,1,120.061708,1,309.594226,1,22.404742,0,218.945278,1,214.184799,1,28.806533,0,29.883388,0,215.111032,1,309.365779,1,215.937032,1,33.569245,0,22.246120,0,216.856100,1,26.059174,0,24.818591,0,215.452562,1,26.856997,0,126.938228,1,213.375738,1,217.673604,1,121.611226,1,214.196401,1,33.290866,0
214.291838,1,213.997293,1,309.537068,1,24.324459,0,24.839380,0,33.156936,0,215.135626,1,215.721442,1,28.357112,0,23.031595,0,214.086889,1,32.357431,0,217.059011,1,216.666641,1,214.812080,1,215.868167,1,217.403055,1,23.371662,0,214.380092,1,120.226492,1,216.700383,1,24.861481,0,119.389642,1,214.999112,1,22.385226,0,26.173467,0,214.013833,1,31.476168,0,28.379678,0,22.648880,0
213.378923,1,118.064794,1,213.155446,1,216.048263,1,28.513819,0,31.185455,0,215.083991,1,215.263068,1,214.712622,1,214.861053,1,214.405022,1,215.289789,1,214.402354,1,213.887905,1,213.945618,1,120.529500,1,310.851371,1,26.928113,0,119.343465,1,216.424157,1,214.227600,1,24.336719,0,27.169703,0,215.517587,1,28.030933,0,309.881782,1,214.456377,1,29.988900,0,214.274994,1,217.017588,1
24.315203,0,118.395827,1,125.404599,1,213.858814,1,26.821041,0,26.665402,0,26.301528,0,29.292336,0,214.746732,1,25.547845,0,25.533387,0,29.295266,0,28.580219,0,214.081227,1,26.365944,0,213.878317,1,26.181385,0,34.222979,0,308.915491,1,26.758356,0,214.418492,1,30.753663,0,117.571597,1,124.665711,1,24.987579,0,28.610641,0,214.237226,1,308.854137,1,28.115710,0,24.397565,0
28.992114,0,28.023665,0,124.047907,1,27.952745,0,24.641536,0,26.797328,0,118.525244,1,23.672671,0,30.814720,0,23.712734,0,214.454388,1,214.363015,1,24.650224,0,28.991665,0,214.616272,1,213.783168,1,309.168549,1,213.801088,1,215.388623,1,28.034318,0,29.329116,0,32.764116,0,214.461692,1,29.686060,0,119.425441,1,126.225228,1,27.149178,0,124.185843,1,119.455188,1,26.532364,0
214.572031,1,25.230770,0,213.423019,1,119.438087,1,26.025373,0,27.076796,0,213.779089,1,118.937248,1,29.575991,0,28.006120,0,214.424844,1,26.614669,0,125.258002,1,23.933245,0,26.768570,0,26.449776,0,28.543887,0,28.841427,0,30.139723,0,221.193081,1,30.495987,0,25.488055,0,119.698822,1,213.980236,1,25.020303,0,214.362352,1,28.983067,0,23.031197,0,119.777458,1,26.001095,0
216.303936,1,121.431775,1,214.046401,1,25.400806,0,123.248105,1,309.835538,1,215.218478,1,27.546512,0,28.825938,0,213.776814,1,214.485543,1,215.638568,1,22.859307,0,309.837498,1,29.699682,0,216.717988,1,25.018951,0,22.875683,0,214.261719,1,216.119416,1,123.089590,1,122.436097,1,24.310754,0,309.711993,1,216.167229,1,214.882269,1,214.727909,1,213.821902,1,26.896978,0,124.494152,1
31.456454,0,123.926504,1,215.320912,1,26.349037,0,213.770113,1,214.265454,1,23.720581,0,119.754090,1,216.770221,1,213.887763,1,215.239814,1,214.928618,1,214.745196,1,122.977212,1,22.206830,0,214.532188,1,215.221244,1,118.205450,1,215.973446,1,214.689763,1,214.482612,1,26.101198,0,25.417361,0,118.777401,1,26.829915,0,27.197493,0,119.860347,1,28.146031,0,29.696626,0,31.154902,0
119.090505,1,33.431280,0,213.795067,1,214.910943,1,216.212573,1,216.794666,1,214.285129,1,214.782845,1,215.122227,1,29.680425,0,214.649621,1,120.192224,1,216.835412,1,22.293609,0,213.308455,1,29.542720,0,215.676747,1,31.845582,0,215.561050,1,34.599341,0,117.878474,1,23.215424,0,120.146175,1,309.471811,1,214.844245,1,30.057731,0,27.266317,0,213.309658,1,123.731276,1,214.911189,1
214.236636,1,125.477286,1,215.299474,1,309.979570,1,117.587182,1,24.165645,0,214.983203,1,213.218510,1,216.000077,1,214.452352,1,122.963507,1,123.963804,1,216.146575,1,33.381376,0,24.653557,0,213.921918,1,31.940139,0,216.267963,1,118.548531,1,215.189511,1,217.033198,1,24.832798,0,122.258534,1,216.987083,1,25.999819,0,219.823888,1,215.917442,1,213.380553,1,120.201036,1,23.572728,0
216.554973,1,23.494617,0,123.346251,1,26.323550,0,121.572562,1,215.160655,1,215.722724,1,125.202114,1,214.460041,1,310.752824,1,213.726709,1,22.918793,0,31.358548,0,30.548063,0,216.991378,1,24.105214,0,119.964507,1,124.096036,1,216.468296,1,120.247038,1,126.735328,1,126.523790,1,33.647632,0,120.233565,1,214.549771,1,214.162769,1,23.086845,0,215.431010,1,215.728766,1,25.603595,0
213.806025,1,309.616863,1,216.732387,1,214.035940,1,29.329760,0,28.264365,0,216.099035,1,218.035080,1,215.760106,1,217.570036,1,214.376797,1,24.852701,0,214.612086,1,309.549553,1,119.607259,1,214.825052,1,213.983189,1,25.541458,0,26.352248,0,124.616647,1,213.793546,1,22.456053,0,215.453430,1,25.456356,0,213.913094,1,214.157562,1,216.967433,1,118.218614,1,23.454112,0,30.718050,0
215.142064,1,28.594430,0,122.904156,1,214.139397,1,309.403342,1,216.716329,1,120.900215,1,217.219081,1,213.756050,1,216.989290,1,213.711710,1,23.936258,0,213.628898,1,215.927133,1,214.451494,1,213.629942,1,119.423958,1,122.911256,1,213.622672,1,216.496415,1,121.661408,1,118.639893,1,213.761863,1,309.345391,1,215.528455,1,309.789571,1,119.177815,1,123.752743,1,28.244187,0,215.264222,1
123.356880,1,213.437743,1,214.336903,1,215.044120,1,217.477998,1,122.341732,1,118.786994,1,215.144988,1,217.987301,1,23.914899,0,310.683869,1,216.899103,1,126.545884,1,215.143234,1,215.457942,1,214.489056,1,32.579900,0,216.043546,1,216.967752,1,217.765505,1,215.168792,1,215.361921,1,123.157350,1,32.144458,0,118.220494,1,217.294416,1,23.158571,0,213.938011,1,120.303913,1,217.436642,1
215.416981,1,214.016209,1,309.690977,1,28.076772,0,214.816983,1,216.765592,1,125.587531,1,213.966008,1,119.015679,1,217.219434,1,27.771528,0,29.944098,0,213.512454,1,118.051306,1,27.927539,0,217.621034,1,214.077339,1,124.166323,1,124.358981,1,29.784872,0,117.890070,1,312.006378,1,215.721274,1,28.978745,0,118.090612,1,216.012491,1,217.760828,1,309.537675,1,213.939709,1,214.868585,1
214.559478,1,22.144568,0,216.580866,1,214.708128,1,33.296695,0,214.172263,1,120.234699,1,27.237294,0,24.520988,0,26.610673,0,309.991699,1,216.715979,1,217.056691,1,309.213713,1,30.272772,0,33.515238,0,120.263226,1,308.851814,1,23.168617,0,216.784178,1,25.604730,0,214.166145,1,215.127653,1,32.437559,0,122.813973,1,214.380423,1,123.105691,1,27.749665,0,118.983769,1,32.793479,0
120.963518,1,24.837340,0,28.839343,0,216.240625,1,214.902995,1,27.133455,0,217.288992,1,309.592001,1,32.820003,0,215.510351,1,214.546777,1,32.453033,0,214.874121,1,217.649127,1,214.720396,1,214.530097,1,27.562806,0,310.321680,1,215.945728,1,215.034026,1,217.113199,1,214.622803,1,123.675440,1,309.658140,1,213.960388,1,216.047614,1,119.351149,1,119.690672,1,117.733736,1,216.964342,1
214.407883,1,22.630540,0,119.738611,1,217.015700,1,213.951386,1,217.591629,1,23.100837,0,33.850827,0,215.846252,1,120.125166,1,120.194640,1,25.123028,0,216.602641,1,217.101770,1,213.944073,1,217.537094,1,119.215562,1,124.506090,1,214.606888,1,120.812922,1,214.069761,1,28.258104,0,214.853372,1,216.098098,1,217.325121,1,29.835316,0,309.030143,1,217.978781,1,217.329862,1,310.371531,1
309.475215,1,215.183542,1,31.814801,0,122.560434,1,26.601953,0,216.514442,1,309.424249,1,214.579449,1,309.329914,1,120.901705,1,125.091683,1,24.112914,0,26.117989,0,213.772407,1,123.379391,1,217.019094,1,309.177746,1,215.515173,1,217.043709,1,214.350992,1,215.039141,1,310.771668,1,121.142684,1,27.578904,0,217.790254,1,214.343139,1,215.011830,1,309.260266,1,215.506560,1,309.012017,1
215.645023,1,216.288612,1,123.206176,1,215.769157,1,308.854000,1,309.057810,1,124.394474,1,216.410936,1,214.190318,1,217.282860,1,218.245405,1,214.199938,1,309.572112,1,28.730221,0,309.531893,1,308.930937,1,214.387737,1,215.427486,1,214.378556,1,118.652953,1,22.934665,0,26.645900,0,23.679979,0,309.637376,1,33.976781,0,309.179482,1,309.164130,1,214.904731,1,309.345155,1,308.883833,1
32.907994,0,310.580335,1,215.125987,1,217.035074,1,309.215939,1,213.608315,1,309.152782,1,215.223315,1,28.842685,0,118.423896,1,33.021676,0,31.583348,0,216.918728,1,214.555549,1,215.170659,1,309.509789,1,214.563095,1,215.417107,1,215.445077,1,310.063564,1,216.164142,1,216.068892,1,215.812688,1,120.109273,1,119.712886,1,215.598403,1,213.951099,1,26.090804,0,27.927782,0,217.576525,1
311.597359,1,121.534820,1,213.901985,1,219.190513,1,309.893236,1,32.680832,0,310.245210,1,123.190441,1,33.680214,0,309.477939,1,214.510377,1,309.900948,1,310.607323,1,33.587996,0,214.569794,1,219.209574,1,309.964117,1,309.363338,1,33.127094,0,217.179584,1,309.839598,1,309.178545,1,26.606807,0,218.312644,1,215.566083,1,308.969546,1,26.270524,0,217.649784,1,29.367270,0,29.132042,0
121.014779,1,27.414437,0,309.032473,1,308.981430,1,216.918483,1,120.530299,1,309.642180,1,310.051181,1,309.461288,1,309.772689,1,219.102269,1,309.849958,1,310.123724,1,31.232794,0,216.754200,1,26.545923,0,214.712003,1,214.882405,1,216.604388,1,123.832911,1,213.828597,1,216.258450,1,309.338423,1,309.741389,1,308.996386,1,216.948254,1,219.085479,1,215.997821,1,310.779497,1,28.071125,0
33.627058,0,216.641531,1,32.837651,0,23.952903,0,309.829477,1,28.387447,0,309.360696,1,309.728506,1,215.621482,1,122.970648,1,119.914531,1,31.266280,0,119.717941,1,216.175757,1,215.589462,1,310.179281,1,215.827446,1,214.102345,1,215.817684,1,309.108534,1,23.103573,0,216.328387,1,213.746129,1,309.521488,1,217.196926,1,217.395737,1,126.843912,1,123.101028,1,33.230712,0,32.900992,0
24.196312,0,27.781461,0,27.260925,0,24.013304,0,26.202225,0,118.800345,1,24.433693,0,22.787771,0,26.370859,0,219.270225,1,23.659620,0,25.138133,0,29.444131,0,23.544450,0,23.757748,0,22.869655,0,25.502992,0,27.093944,0,23.031058,0,25.764703,0,22.949719,0,26.865469,0,311.505849,1,26.958778,0,24.302195,0,23.803805,0,23.423933,0,26.861602,0,23.329760,0,24.303080,0
215.498725,1,23.975229,0,23.557122,0,22.909439,0,29.161308,0,26.041166,0,120.905468,1,24.956766,0,29.400515,0,25.053599,0,219.667824,1,30.498024,0,26.802366,0,24.179207,0,122.650150,1,23.188396,0,22.488396,0,214.560296,1,22.140230,0,214.093462,1,117.963414,1,23.334197,0,23.116948,0,309.127948,1,24.763847,0,23.179833,0,24.756133,0,27.865699,0,23.238253,0,309.839918,1
24.848680,0,24.904244,0,26.961485,0,24.797751,0,24.653876,0,25.431176,0,24.700838,0,25.347841,0,24.122264,0,28.347271,0,24.391831,0,118.275236,1,23.000189,0,28.958769,0,25.366086,0,219.845812,1,26.134815,0,27.053449,0,25.807082,0,23.651242,0,26.820269,0,22.820863,0,25.654334,0,217.212058,1,213.418747,1,24.736186,0,29.356960,0,22.367612,0,24.137550,0,28.039604,0
26.006339,0,22.825294,0,25.190703,0,24.282483,0,217.124495,1,24.312428,0,25.890167,0,26.885189,0,23.936300,0,24.405981,0,28.114797,0,24.401910,0,28.953503,0,28.584457,0,28.081531,0,26.525496,0,23.527608,0,23.796792,0,23.921086,0,23.774166,0,23.518190,0,26.849773,0,29.763435,0,30.598446,0,23.621690,0,25.999486,0,24.950481,0,29.268687,0,24.042949,0,27.582512,0
29.686404,0,24.491976,0,28.817252,0,27.558962,0,23.037177,0,23.017350,0,24.956701,0,24.544575,0,22.977071,0,309.502975,1,25.979895,0,24.575337,0,29.988799,0,30.305109,0,26.857811,0,27.775977,0,120.124060,1,28.190360,0,24.960832,0,25.667592,0,26.739032,0,27.774435,0,25.444238,0,28.826639,0,23.101098,0,29.625297,0,22.267222,0,118.560998,1,23.930299,0,24.033988,0
24.023810,0,22.919751,0,25.256758,0,22.185575,0,29.216131,0,28.901807,0,24.297954,0,27.888144,0,217.756318,1,26.482861,0,24.355069,0,25.420614,0,28.571355,0,23.236706,0,24.217441,0,28.257077,0,25.331074,0,26.763745,0,25.948935,0,27.184427,0,27.983842,0,25.161416,0,24.624054,0,118.899140,1,24.237548,0,23.464103,0,26.558782,0,24.512474,0,27.849898,0,25.076863,0
24.344252,0,25.249669,0,26.866726,0,27.510801,0,120.375160,1,118.131649,1,22.973304,0,28.832190,0,26.160140,0,24.288938,0,25.792178,0,29.998617,0,24.343530,0,24.077985,0,29.364712,0,23.559915,0,118.512923,1,22.270341,0,28.355930,0,28.750502,0,27.488300,0,22.704843,0,310.598481,1,26.675592,0,22.765105,0,25.037319,0,27.428877,0,29.956759,0,217.033963,1,26.829652,0
24.012021,0,26.228964,0,24.702998,0,23.268238,0,23.051893,0,26.919776,0,25.558842,0,25.266072,0,27.573432,0,119.256656,1,26.626347,0,23.400889,0,24.933554,0,33.908403,0,25.878029,0,24.555748,0,24.639242,0,118.180718,1,24.953548,0,23.880739,0,24.049929,0,22.550543,0,24.602087,0,24.227391,0,25.421807,0,29.021823,0,25.926730,0,28.028374,0,22.648490,0,25.906826,0
23.528075,0,28.309439,0,23.951608,0,25.311162,0,25.069812,0,310.406793,1,25.548301,0,26.193931,0,27.187957,0,24.147027,0,25.265141,0,29.828108,0,24.784399,0,26.140853,0,28.529577,0,27.268750,0,23.814233,0,25.878554,0,25.260356,0,23.716319,0,123.512412,1,27.879349,0,311.866879,1,22.182476,0,22.149417,0,23.353363,0,26.422489,0,27.592785,0,22.783505,0,27.349239,0
216.944059,1,309.098337,1,122.339043,1,27.380694,0,22.813056,0,23.738292,0,27.237933,0,24.202241,0,124.113648,1,23.331044,0,26.422533,0,23.324218,0,34.622963,0,32.142403,0,27.852083,0,28.867413,0,26.051620,0,28.362935,0,23.621309,0,29.778966,0,26.059708,0,27.234289,0,24.018624,0,28.395267,0,24.051316,0,309.685404,1,23.655073,0,28.774431,0,26.903518,0,310.859243,1
22.420334,0,216.797666,1,27.572978,0,25.471560,0,25.309128,0,28.271243,0,23.288050,0,25.292049,0,28.481519,0,24.274466,0,26.762451,0,24.782731,0,25.863440,0,25.419163,0,308.848707,1,121.525509,1,23.097439,0,24.804432,0,25.363848,0,24.016697,0,26.649283,0,27.658513,0,24.845374,0,29.948752,0,26.866321,0,309.081766,1,24.796792,0,309.191106,1,309.667564,1,22.421679,0
23.352208,0,121.920044,1,33.805824,0,27.567453,0,24.358836,0,25.609498,0,25.054421,0,29.231085,0,125.083110,1,311.184337,1,24.119723,0,26.872962,0,29.152434,0,22.691356,0,23.530611,0,216.118137,1,25.300151,0,26.344460,0,118.294597,1,23.700703,0,214.163403,1,29.999333,0,219.512910,1,25.809794,0,29.300231,0,27.756975,0,28.924574,0,25.195798,0,25.567577,0,23.905140,0
28.665415,0,125.391027,1,25.014528,0,24.284695,0,27.115369,0,29.191472,0,23.492796,0,119.979525,1,26.416657,0,309.764695,1,215.244671,1,25.960198,0,118.218046,1,24.524952,0,39.665077,0,24.164087,0,309.873747,1,123.211910,1,23.763548,0,311.213090,1,118.876068,1,24.906592,0,28.936427,0,27.746795,0,25.274316,0,30.141196,0,28.007847,0,27.380971,0,219.478767,1,214.380104,1
24.125127,0,122.716850,1,30.870141,0,214.110140,1,217.958411,1,27.308387,0,309.805215,1,120.481469,1,118.525915,1,25.341373,0,23.635140,0,26.017409,0,28.733583,0,119.603409,1,124.007906,1,29.123472,0,217.547630,1,119.281844,1,26.968286,0,218.606356,1,24.622406,0,220.343149,1,24.951203,0,25.640259,0,121.183510,1,29.112588,0,26.123056,0,24.626889,0,219.721077,1,216.814959,1
122.573785,1,218.929339,1,121.383220,1,32.880936,0,309.181182,1,29.122763,0,219.011089,1,214.580677,1,23.749127,0,220.166060,1,221.108222,1,310.979099,1,28.121125,0,214.325332,1,31.820146,0,123.464977,1,118.336139,1,29.990163,0,30.657561,0,26.173484,0,25.717037,0,213.386969,1,309.442155,1,124.284447,1,31.312131,0,30.178739,0,27.399765,0,23.673766,0,310.965144,1,22.494619,0
25.920004,0,24.364773,0,27.601673,0,33.625089,0,123.907210,1,27.153699,0,310.827836,1,131.050256,1,220.031136,1,28.313751,0,37.751336,0,24.287657,0,35.870960,0,128.840541,1,213.894890,1,34.462485,0,38.046877,0,219.149811,1,121.560804,1,214.195018,1,34.305956,0,24.884528,0,28.950572,0,122.085443,1,34.697134,0,219.267960,1,23.942958,0,309.437526,1,28.015201,0,33.156012,0
130.453191,1,22.750850,0,25.560544,0,219.227483,1,25.818149,0,29.363538,0,33.139720,0,23.157673,0,26.651867,0,213.890720,1,24.052836,0,128.064028,1,22.092833,0,216.589902,1,28.900922,0,23.903265,0,27.193923,0,310.876626,1,27.178639,0,29.299385,0,31.759196,0,215.748070,1,216.506817,1,119.144283,1,24.560179,0,215.249348,1,128.161773,1,23.591692,0,24.479275,0,22.386268,0
128.806065,1,216.019998,1,128.725814,1,28.250855,0,26.911500,0,219.916847,1,27.982801,0,28.591454,0,26.004598,0,25.923248,0,311.001121,1,37.231191,0,24.493507,0,217.214767,1,25.064243,0,28.557082,0,220.278960,1,25.683397,0,215.376887,1,29.255016,0,27.714129,0,27.282087,0,24.540053,0,23.712150,0,26.297339,0,214.081953,1,27.173443,0,25.382378,0,24.805930,0,118.829711,1
28.229736,0,29.412814,0,23.133081,0,23.362848,0,34.799668,0,31.894336,0,25.962140,0,118.696255,1,121.940317,1,213.778483,1,120.504739,1,24.209890,0,26.626173,0,28.721351,0,215.547696,1,32.028979,0,27.153892,0,27.598784,0,25.767785,0,31.282132,0,28.460892,0,34.927451,0,25.079134,0,36.797289,0,34.700784,0,25.288834,0,22.269409,0,22.724519,0,27.775130,0,31.728167,0
24.828889,0,25.864476,0,34.466681,0,121.157324,1,24.431263,0,125.699269,1,32.090077,0,32.255171,0,22.353677,0,27.109685,0,28.187015,0,22.652989,0,123.699428,1,125.216609,1,32.454457,0,34.350906,0,27.867760,0,309.687368,1,24.305451,0,27.972898,0,24.158677,0,29.047238,0,24.004046,0,23.300432,0,28.369123,0,30.374329,0,27.100355,0,27.584295,0,34.969760,0,24.576220,0
118.767346,1,36.003250,0,29.246940,0,214.700415,1,22.308673,0,29.517578,0,125.245810,1,26.323193,0,27.875073,0,120.133713,1,34.327983,0,214.428565,1,24.253743,0,214.547340,1,27.628920,0,25.022483,0,24.783542,0,215.590707,1,26.949219,0,26.061412,0,123.996770,1,26.290362,0,26.023756,0,23.007666,0,218.522891,1,25.034294,0,29.689542,0,122.734241,1,29.041146,0,29.606070,0
216.598137,1,32.491614,0,26.971877,0,127.378102,1,310.657711,1,32.735055,0,217.509499,1,218.420758,1,220.568615,1,37.627294,0,37.606549,0,29.195098,0,119.913720,1,32.083810,0,37.444125,0,23.226971,0,309.579459,1,25.197040,0,219.676388,1,220.422846,1,27.217028,0,29.352311,0,126.800572,1,311.019765,1,215.913362,1,119.760962,1,217.260984,1,119.102777,1,23.163001,0,24.767866,0
29.919588,0,118.716724,1,22.152940,0,309.605857,1,120.659246,1,31.646621,0,23.156845,0,214.932382,1,31.896000,0,218.867172,1,309.277965,1,216.814576,1,28.630147,0,219.765817,1,29.410072,0,32.164971,0,310.191780,1,27.592971,0,125.631729,1,24.137181,0,214.905722,1,28.059705,0,214.604608,1,218.970799,1,23.089570,0,33.095113,0,311.426441,1,214.176071,1,218.391815,1,27.239553,0
32.999266,0,219.427614,1,27.710002,0,28.358518,0,26.026102,0,30.147897,0,214.366825,1,215.253433,1,32.674430,0,28.893096,0,27.547692,0,127.995086,1,119.879033,1,124.652163,1,26.008276,0,27.036672,0,25.745273,0,27.966558,0,215.133263,1,31.570003,0,32.320731,0,27.863107,0,32.009814,0,214.446594,1,32.633373,0,31.992292,0,213.699781,1,216.234655,1,34.961974,0,220.247519,1
213.762001,1,213.988476,1,28.917082,0,218.841592,1,214.313856,1,125.913989,1,218.284859,1,216.001246,1,214.718742,1,29.771014,0,214.392795,1,23.605901,0,27.635441,0,32.919056,0,213.184139,1,219.117463,1,30.383802,0,33.657623,0,309.894400,1,27.522237,0,118.354216,1,220.338926,1,119.352858,1,28.481547,0,122.352759,1,309.113497,1,216.609060,1,118.397841,1,26.840767,0,218.861032,1
23.034355,0,30.758719,0,119.035699,1,29.103077,0,27.900080,0,30.454995,0,220.026415,1,27.903440,0,214.030862,1,120.180235,1,309.729062,1,219.070664,1,29.986835,0,120.802019,1,35.889678,0,123.178544,1,120.010212,1,123.024001,1,219.083790,1,126.194509,1,219.265203,1,23.863087,0,219.334707,1,38.041052,0,310.329724,1,128.002620,1,310.056856,1,27.292169,0,27.973170,0,309.133702,1
219.686053,1,28.117866,0,27.661705,0,24.572315,0,213.940384,1,217.607395,1,32.060838,0,310.252536,1,119.501856,1,31.390520,0,125.092652,1,32.064834,0,32.413925,0,309.397902,1,27.126649,0,309.479839,1,32.450626,0,28.096771,0,214.991335,1,217.661233,1,32.600955,0,310.140540,1,214.006071,1,119.272417,1,215.449664,1,27.531113,0,217.666302,1,26.430733,0,213.415095,1,25.195268,0
33.814494,0,32.159203,0,214.187361,1,30.676171,0,220.867126,1,311.088957,1,214.492059,1,309.986182,1,123.709916,1,309.748068,1,29.127602,0,219.276074,1,216.526415,1,216.669121,1,34.301734,0,310.675981,1,27.065732,0,120.570062,1,309.183542,1,24.442111,0,308.929105,1,27.027756,0,218.166246,1,24.203458,0,217.713766,1,309.682703,1,214.952422,1,34.149374,0,35.167342,0,220.128364,1
310.951106,1,28.604498,0,30.946809,0,310.115963,1,218.920521,1,214.677047,1,214.215630,1,216.199794,1,309.553574,1,33.936846,0,29.072833,0,27.711635,0,308.902635,1,309.444956,1,308.981976,1,123.771030,1,28.278121,0,215.301888,1,32.411863,0,216.563326,1,32.838928,0,310.921185,1,216.284760,1,29.841506,0,120.598866,1,309.464277,1,213.312380,1,122.806240,1,310.243772,1,309.739508,1
220.423563,1,310.083671,1,309.910478,1,26.993757,0,310.183416,1,120.017950,1,310.153048,1,29.954024,0,32.115650,0,309.431822,1,309.388642,1,214.318526,1,127.175626,1,310.111332,1,123.026843,1,218.322669,1,118.193039,1,33.631713,0,218.850032,1,309.650570,1,309.497676,1,214.797532,1,29.100189,0,123.478327,1,120.866205,1,29.575071,0,33.520006,0,310.141485,1,309.304920,1,28.577674,0
216.309971,1,124.678607,1,22.009584,0,214.374615,1,213.687627,1,219.311699,1,309.032913,1,309.424872,1,25.891920,0,214.611345,1,214.862653,1,28.290163,0,22.476555,0,309.581494,1,310.126616,1,119.110756,1,27.405649,0,216.842935,1,217.637877,1,218.258537,1,214.854507,1,218.064006,1,310.159363,1,33.208335,0,129.170607,1,31.606681,0,27.691481,0,22.746999,0,214.752824,1,119.591607,1
31.403557,0,122.556907,1,217.453552,1,28.031026,0,216.113494,1,309.592619,1,309.559003,1,218.724806,1,309.861684,1,119.132237,1,118.784338,1,33.485100,0,124.571813,1,124.804905,1,309.635968,1,26.784957,0,120.518516,1,217.525537,1,215.774547,1,121.101220,1,120.174387,1,125.414369,1,219.040689,1,310.593593,1,32.603103,0,214.679229,1,26.659489,0,214.998169,1,308.978065,1,26.224016,0
23.383612,0,29.366670,0,309.340996,1,218.211163,1,122.861832,1,30.547159,0,309.521164,1,309.791325,1,216.072306,1,215.421296,1,128.121946,1,25.682502,0,309.147781,1,27.872440,0,310.882423,1,214.930114,1,123.630322,1,33.602012,0,309.330698,1,218.135052,1,218.109082,1,309.468206,1,309.636776,1,25.760241,0,215.719318,1,25.984867,0,215.729668,1,123.399082,1,125.806934,1,214.891037,1
215.110492,1,216.666787,1,23.128350,0,123.200698,1,27.822720,0,216.480579,1,123.421857,1,213.553254,1,123.598476,1,124.264637,1,28.358561,0,217.553706,1,216.807044,1,216.175245,1,310.917473,1,217.257815,1,33.064527,0,23.217814,0,122.971854,1,127.181555,1,309.349518,1,125.596949,1,122.527719,1,118.231161,1,215.381223,1,215.098516,1,126.953214,1,214.653520,1,214.961211,1,30.702429,0
217.823141,1,214.884039,1,215.414076,1,215.447965,1,32.926967,0,33.519226,0,214.923384,1,33.886951,0,217.110261,1,214.109993,1,25.789304,0,120.135599,1,213.172237,1,25.944744,0,311.186929,1,25.670729,0,214.968786,1,217.447976,1,215.859100,1,24.310306,0,122.595190,1,125.652787,1,119.406141,1,125.089802,1,214.084481,1,123.782106,1,24.928833,0,29.466479,0,118.339076,1,123.716311,1
34.257541,0,217.648841,1,119.081581,1,119.279789,1,217.266836,1,123.417733,1,215.577035,1,213.991612,1,25.779429,0,214.288255,1,123.128509,1,119.488406,1,214.708799,1,215.650334,1,214.273846,1,213.835842,1,215.732628,1,123.297174,1,214.254156,1,214.476844,1,120.162503,1,22.586702,0,123.088866,1,215.131694,1,123.099796,1,28.933724,0,215.129848,1,23.045692,0,33.191916,0,29.953996,0
120.212765,1,220.443011,1,29.237298,0,122.435691,1,214.124319,1,214.036563,1,214.073780,1,214.624381,1,215.434880,1,32.768236,0,33.577781,0,123.406822,1,31.493235,0,217.597850,1,213.979990,1,214.078080,1,215.964410,1,214.075686,1,122.661325,1,26.163888,0,215.534096,1,118.562057,1,126.963541,1,213.749747,1,213.918505,1,126.243445,1,215.755712,1,33.567637,0,216.240494,1,120.114865,1
216.776441,1,214.916533,1,310.563795,1,213.477352,1,215.451927,1,28.201574,0,214.001390,1,215.319220,1,126.994300,1,215.963664,1,216.120976,1,23.396434,0,216.343201,1,27.435428,0,213.972347,1,29.214734,0,214.290914,1,22.740784,0,126.240381,1,122.557993,1,120.477423,1,23.640881,0,215.758040,1,120.763171,1,36.849851,0,309.718706,1,216.512975,1,215.419492,1,27.649959,0,215.627582,1
121.635743,1,118.387343,1,123.093745,1,213.357268,1,213.285435,1,213.947562,1,213.989023,1,213.958757,1,214.637643,1,119.792682,1,123.677199,1,215.869073,1,26.350134,0,214.081288,1,32.705275,0,215.829180,1,214.791877,1,118.838200,1,27.760965,0,214.058732,1,214.778835,1,213.938275,1,217.169260,1,215.320647,1,217.603986,1,214.938236,1,22.337337,0,216.083731,1,32.055647,0,120.300583,1
215.651698,1,119.377215,1,126.621375,1,217.574988,1,217.247611,1,29.047711,0,214.869374,1,118.861699,1,24.218046,0,214.207300,1,309.305521,1,214.505398,1,121.159414,1,26.960000,0,29.149967,0,214.475488,1,25.900527,0,123.320094,1,122.319917,1,215.084708,1,121.140022,1,215.124445,1,120.866821,1,214.809425,1,216.370286,1,213.605855,1,217.549071,1,216.134667,1,213.487190,1,216.518488,1
121.483703,1,213.581818,1,123.673195,1,309.450780,1,214.654563,1,118.764907,1,215.860901,1,216.770853,1,215.268959,1,120.786400,1,27.219394,0,213.707495,1,121.621959,1,214.713552,1,215.521767,1,30.573272,0,215.217388,1,24.526994,0,118.836677,1,28.163239,0,215.713762,1,216.468425,1,33.658345,0,27.928015,0,214.088296,1,26.417633,0,309.747713,1,217.153107,1,214.251368,1,22.324493,0
125.476688,1,28.596438,0,214.311223,1,121.946396,1,118.805601,1,213.504284,1,213.751680,1,214.957351,1,215.611060,1,217.136627,1,215.904744,1,119.210245,1,214.171983,1,121.559566,1,215.029560,1,213.406650,1,123.615694,1,216.076890,1,215.960296,1,311.073497,1,215.784630,1,215.886715,1,213.821413,1,216.428298,1,216.025713,1,127.097171,1,214.124370,1,118.562710,1,215.747082,1,215.887922,1
215.377639,1,214.923221,1,122.418773,1,122.907301,1,215.274431,1,215.667026,1,216.526034,1,214.680010,1,25.679694,0,123.181621,1,213.986171,1,213.628818,1,215.624344,1,213.572914,1,122.793179,1,214.540329,1,217.134859,1,33.020297,0,217.371404,1,213.347750,1,215.674610,1,119.222664,1,311.812218,1,214.078417,1,215.216988,1,213.472797,1,30.699524,0,216.755189,1,217.255670,1,216.768567,1
214.603357,1,213.774209,1,119.392142,1,213.477599,1,213.562680,1,215.433238,1,214.820255,1,216.529827,1,23.424115,0,215.425222,1,124.972831,1,214.343674,1,215.759135,1,216.167040,1,32.465387,0,122.042170,1,213.513084,1,217.021954,1,214.603526,1,214.130312,1,214.451983,1,217.770252,1,214.545506,1,213.231671,1,29.054322,0,22.865104,0,215.360487,1,217.365473,1,217.622895,1,215.274017,1
214.041592,1,30.505908,0,217.083412,1,216.781099,1,215.329255,1,22.979510,0,24.218638,0,122.581153,1,214.452740,1,120.837011,1,215.443571,1,213.167906,1,214.495173,1,216.998660,1,214.743290,1,214.522482,1,122.344763,1,213.939862,1,213.526744,1,216.747021,1,214.511303,1,214.780104,1,216.290395,1,121.474356,1,120.742546,1,23.342483,0,215.016011,1,26.040141,0,215.561707,1,215.366370,1
122.653862,1,215.561680,1,215.960611,1,35.059433,0,215.587767,1,214.158946,1,24.642201,0,25.609150,0,214.482971,1,213.459646,1,214.641423,1,215.523180,1,214.232302,1,214.179646,1,214.698970,1,213.883872,1,215.159286,1,214.550411,1,214.476118,1,214.506478,1,213.528055,1,215.737744,1,215.182884,1,214.034108,1,214.134366,1,217.189392,1,213.799181,1,213.523380,1,214.452422,1,215.037607,1
33.338983,0,217.470809,1,216.315860,1,217.473607,1,125.867886,1,216.016686,1,217.257924,1,216.358631,1,216.875136,1,35.664953,0,121.278075,1,217.879998,1,125.592621,1,213.908300,1,213.740924,1,216.906940,1,214.525247,1,217.656727,1,118.777106,1,34.179347,0,215.575602,1,217.424832,1,33.603661,0,214.319302,1,214.824059,1,125.558512,1,22.445142,0,213.781766,1,214.826043,1,123.272581,1
214.193343,1,216.515507,1,216.320683,1,123.105643,1,214.760835,1,214.561432,1,122.259757,1,119.445280,1,119.168345,1,124.068005,1,214.214394,1,216.981562,1,214.288884,1,213.751620,1,217.697488,1,213.885643,1,126.676162,1,216.157135,1,213.637212,1,23.281611,0,214.778732,1,215.230411,1,215.529962,1,214.200469,1,216.528475,1,32.921653,0,214.206346,1,218.895530,1,213.648835,1,122.016202,1
121.026908,1,216.870105,1,215.610648,1,215.738813,1,216.632688,1,126.823073,1,215.177814,1,215.416804,1,213.531476,1,213.820359,1,215.530715,1,119.381257,1,216.106702,1,217.861450,1,214.279244,1,216.693524,1,217.481798,1,310.739602,1,124.991474,1,214.662881,1,216.899181,1,215.819938,1,214.544459,1,217.373198,1,217.895446,1,216.484813,1,216.941198,1,31.235047,0,214.854850,1,217.352519,1
32.705404,0,214.893327,1,216.682688,1,122.217379,1,216.552498,1,215.628341,1,217.042811,1,29.342301,0,125.899027,1,28.527199,0,215.764510,1,216.656883,1,215.358735,1,213.979681,1,213.664929,1,217.046058,1,216.145436,1,217.241846,1,125.180382,1,213.654255,1,215.636505,1,119.773611,1,125.384555,1,216.628782,1,24.305756,0,118.306310,1,28.161518,0,121.342479,1,214.127494,1,215.669576,1
32.464276,0,214.364612,1,217.520291,1,216.123277,1,217.816282,1,214.480587,1,28.543763,0,216.156943,1,119.182407,1,309.558830,1,216.660164,1,214.462305,1,216.618655,1,310.658221,1,215.198406,1,121.594125,1,214.779951,1,213.666297,1,119.039980,1,216.637635,1,214.011978,1,215.905958,1,123.629079,1,214.025065,1,216.420989,1,32.766076,0,213.818788,1,215.561112,1,216.644772,1,25.448170,0
216.730382,1,214.144428,1,214.837966,1,215.315139,1,214.593250,1,217.558927,1,216.049704,1,123.217511,1,213.797640,1,214.838732,1,215.282492,1,216.511353,1,216.391936,1,24.636366,0,214.739164,1,213.750989,1,216.406213,1,27.454116,0,214.103438,1,213.987333,1,28.894293,0,122.876341,1,119.193531,1,216.996524,1,215.131196,1,215.162182,1,217.949272,1,31.165153,0,217.712838,1,214.144447,1
217.449626,1,32.704566,0,214.199876,1,215.290905,1,214.212885,1,213.743751,1,214.789366,1,213.496050,1,214.492342,1,217.163476,1,214.756909,1,214.989289,1,22.429045,0,214.555296,1,122.960261,1,215.326288,1,214.288240,1,214.952606,1,215.934825,1,216.629093,1,215.216732,1,214.855753,1,214.712834,1,118.774753,1,213.857586,1,217.676248,1,33.394231,0,214.789877,1,118.147511,1,215.438121,1
118.271311,1,217.129483,1,215.322582,1,29.611953,0,214.873524,1,215.160297,1,214.803686,1,215.059053,1,215.666226,1,215.007883,1,28.017975,0,213.907021,1,125.202432,1,33.205901,0,215.710499,1,118.378817,1,213.369232,1,214.247678,1,214.780912,1,214.198862,1,217.471820,1,214.897447,1,124.244226,1,23.211621,0,213.978943,1,215.565088,1,217.042168,1,216.161586,1,216.903191,1,126.208566,1
213.837044,1,215.715607,1,214.266794,1,213.950082,1,216.063790,1,217.744487,1,120.410097,1,22.186066,0,216.951515,1,214.092742,1,123.245645,1,216.061551,1,213.949541,1,216.261232,1,213.511553,1,213.624882,1,215.416732,1,25.124198,0,215.129212,1,214.291625,1,118.913871,1,215.731316,1,119.407838,1,215.056562,1,214.050376,1,214.224995,1,217.180128,1,216.388192,1,119.345729,1,214.142656,1
215.638478,1,217.556830,1,214.321591,1,121.632797,1,214.266593,1,214.424105,1,215.662818,1,215.738418,1,25.226540,0,217.874321,1,217.356107,1,31.618381,0,214.496971,1,216.187801,1,217.200917,1,214.091912,1,216.221474,1,26.439068,0,217.489114,1,214.252495,1,213.715607,1,120.868034,1,214.283037,1,214.429145,1,216.615281,1,215.518852,1,214.533154,1,216.628662,1,215.466226,1,24.601605,0
216.048743,1,214.375166,1,213.709077,1,217.746853,1,214.075362,1,30.695987,0,311.893382,1,216.502208,1,310.924554,1,216.313855,1,123.116641,1,215.698938,1,216.698679,1,215.812940,1,25.093830,0,214.689269,1,216.765294,1,213.947308,1,213.693493,1,214.851346,1,214.826335,1,123.974213,1,214.674678,1,214.443802,1,217.777770,1,214.906114,1,126.737219,1,28.665497,0,215.498238,1,216.850043,1
213.759312,1,214.854152,1,213.948057,1,214.193094,1,127.610331,1,215.054959,1,217.740980,1,118.487746,1,217.894550,1,216.151114,1,310.965447,1,217.106090,1,214.875595,1,217.361693,1,215.551515,1,216.145475,1,213.922778,1,309.263450,1,214.239439,1,25.308794,0,123.156836,1,216.951867,1,213.574968,1,216.517419,1,32.901204,0,214.327031,1,216.770376,1,214.356166,1,121.839139,1,120.860020,1
125.199086,1,215.773340,1,215.809413,1,28.820583,0,214.335060,1,215.529027,1,214.697419,1,215.662174,1,216.820817,1,213.917978,1,217.572268,1,216.907871,1,309.482010,1,217.560669,1,215.136762,1,213.602136,1,217.295678,1,309.893225,1,215.345843,1,126.892594,1,215.055863,1,215.830322,1,214.735631,1,215.249207,1,214.000659,1,217.181315,1,214.461800,1,215.046487,1,213.790780,1,213.778183,1
119.435419,1,122.932746,1,25.229853,0,215.614053,1,215.889509,1,213.946086,1,214.471539,1,121.666204,1,214.066893,1,214.912542,1,30.714456,0,215.811027,1,217.258273,1,30.096783,0,124.769072,1,213.513370,1,216.156182,1,214.225532,1,217.188967,1,216.116833,1,216.907383,1,217.673567,1,216.677113,1,214.261860,1,215.464169,1,214.083854,1,216.253194,1,214.438494,1,217.591599,1,215.506195,1
215.756541,1,118.970842,1,214.358412,1,217.432302,1,215.768216,1,215.560047,1,215.248312,1,215.673588,1,215.650940,1,126.269289,1,218.079955,1,215.463483,1,217.500197,1,214.038437,1,217.928400,1,215.443276,1,214.353936,1,214.918222,1,214.913100,1,31.941242,0,214.441546,1,215.453446,1,217.537427,1,214.184596,1,24.151656,0,118.836343,1,122.908507,1,217.138705,1,215.093960,1,119.771175,1
215.867983,1,214.491267,1,214.551048,1,216.534991,1,214.722486,1,216.401551,1,217.087516,1,308.892136,1,24.023533,0,215.666783,1,216.951533,1,214.197707,1,24.216598,0,217.400821,1,217.834355,1,213.911013,1,33.236753,0,26.738635,0,214.921942,1,216.993830,1,213.712684,1,118.437543,1,216.575835,1,215.558685,1,217.873433,1,214.675850,1,215.037585,1,214.528913,1,216.109278,1,213.554362,1
214.637884,1,125.087906,1,216.377750,1,215.978779,1,216.298943,1,217.559375,1,216.464909,1,214.658756,1,214.040910,1,216.783952,1,124.269743,1,310.269794,1,213.547493,1,214.015660,1,26.841275,0,217.035335,1,214.983507,1,217.387053,1,214.689221,1,217.260991,1,215.999642,1,214.335859,1,214.877398,1,216.898732,1,214.482731,1,217.755113,1,28.816108,0,214.884601,1,216.709823,1,214.628165,1
214.892677,1,216.175164,1,215.736820,1,213.654523,1,119.524821,1,215.368462,1,31.550035,0,213.805887,1,215.228548,1,215.342591,1,217.430115,1,214.548318,1,123.136536,1,122.007624,1,216.359949,1,34.667097,0,217.830454,1,213.460289,1,214.653940,1,311.177755,1,217.249816,1,214.418727,1,215.531971,1,122.675601,1,311.470856,1,24.457813,0,118.039712,1,27.217980,0,123.623236,1,214.542339,1
215.209206,1,215.592183,1,213.899028,1,32.371094,0,310.569495,1,309.462539,1,213.460725,1,215.406118,1,213.974961,1,213.751996,1,213.632623,1,215.726913,1,214.510044,1,214.533063,1,217.093242,1,215.843437,1,215.977546,1,217.692240,1,214.442008,1,216.064110,1,213.755534,1,24.918149,0,213.831183,1,213.615365,1,215.676012,1,214.739761,1,213.307342,1,214.516134,1,119.241241,1,215.015406,1
217.677157,1,216.310328,1,29.649884,0,213.745091,1,216.487622,1,214.272428,1,217.975261,1,215.336678,1,216.499283,1,216.853892,1,215.696051,1,122.976254,1,215.283385,1,216.968388,1,217.861959,1,217.456894,1,214.084576,1,216.914294,1,216.426607,1,216.210947,1,215.921347,1,33.120667,0,214.444572,1,216.057251,1,25.340260,0,215.318328,1,216.655465,1,28.333317,0,217.758034,1,214.624962,1
215.151107,1,217.377653,1,216.433342,1,215.315877,1,214.092876,1,213.989722,1,119.703565,1,214.580952,1,213.989988,1,216.501764,1,216.870830,1,309.310364,1,215.990466,1,214.441173,1,215.311648,1,118.522392,1,215.917453,1,24.129493,0,214.850905,1,213.994314,1,217.184790,1,215.562482,1,215.203398,1,215.267087,1,213.862456,1,214.408164,1,216.787515,1,215.853738,1,33.233339,0,214.256327,1
120.310361,1,215.866386,1,120.140739,1,217.874195,1,213.760231,1,216.387204,1,214.092414,1,217.682086,1,213.943191,1,216.593510,1,215.450886,1,214.499838,1,32.831980,0,24.056303,0,216.667241,1,215.111171,1,217.560974,1,214.290866,1,217.091121,1,33.050963,0,213.924126,1,309.053889,1,217.263815,1,213.802026,1,309.833023,1,214.755608,1,215.683762,1,217.608750,1,118.624648,1,217.576906,1
215.580404,1,215.787924,1,123.104253,1,214.630723,1,214.268238,1,216.693803,1,217.596647,1,216.636183,1,214.107689,1,214.219245,1,215.082858,1,214.916001,1,215.487825,1,214.123957,1,213.769249,1,215.164690,1,216.024944,1,214.233031,1,217.414244,1,33.675985,0,214.609891,1,215.434739,1,214.173856,1,27.796338,0,214.046365,1,32.451570,0,215.365577,1,214.313218,1,216.309450,1,26.356890,0
214.970559,1,29.188703,0,119.221479,1,216.621146,1,217.105384,1,213.691621,1,215.315607,1,216.835224,1,214.533167,1,214.640429,1,215.039435,1,214.822025,1,216.405612,1,215.010185,1,214.982538,1,214.765490,1,215.667714,1,215.595342,1,215.314341,1,120.170310,1,25.553170,0,214.300805,1,22.971920,0,30.176004,0,25.806767,0,214.403271,1,216.454301,1,213.987983,1,214.085615,1,216.069972,1
214.809260,1,216.171470,1,214.374475,1,215.661890,1,217.325335,1,217.627718,1,215.131604,1,214.375083,1,217.271662,1,217.808309,1,214.375809,1,117.907279,1,216.886270,1,214.515729,1,216.378432,1,214.210363,1,214.477298,1,214.069091,1,214.226279,1,214.696602,1,122.798184,1,216.533225,1,32.545088,0,215.526394,1,125.353776,1,215.060665,1,217.424584,1,214.191195,1,217.501389,1,310.632640,1
215.688467,1,118.226373,1,217.540986,1,214.075737,1,214.074809,1,119.221847,1,217.685416,1,213.665026,1,216.008266,1,31.263585,0,216.988476,1,215.802213,1,216.514193,1,216.346743,1,214.171429,1,215.264343,1,32.614916,0,214.202258,1,123.708424,1,214.324713,1,217.301399,1,213.767049,1,118.144935,1,32.686175,0,217.229730,1,120.145754,1,214.982076,1,213.139539,1,213.790048,1,216.778215,1
214.670443,1,25.362556,0,124.965601,1,215.200084,1,28.879862,0,217.664355,1,215.515110,1,215.715635,1,214.533657,1,214.292291,1,217.442280,1,217.445508,1,217.705626,1,213.901426,1,216.848211,1,26.760699,0,215.527947,1,217.727759,1,213.977446,1,216.308159,1,214.395854,1,33.422457,0,217.635663,1,216.995493,1,32.633847,0,215.371387,1,217.519403,1,217.411131,1,214.121578,1,215.303178,1
216.652066,1,215.285044,1,214.093366,1,214.363700,1,216.663759,1,215.397113,1,213.870487,1,217.435678,1,215.255321,1,309.589370,1,122.736519,1,214.325251,1,33.267944,0,118.130663,1,120.752059,1,215.278669,1,214.153817,1,213.855518,1,120.429776,1,216.294239,1,32.834534,0,32.652742,0,214.052950,1,216.520437,1,214.002808,1,32.549031,0,32.466669,0,214.242103,1,214.246148,1,213.178420,1
214.139929,1,213.554447,1,215.563446,1,309.258496,1,216.025611,1,214.355967,1,214.457114,1,213.365399,1,27.015169,0,217.298895,1,214.223237,1,214.245702,1,216.067432,1,215.839425,1,217.010294,1,213.901620,1,214.502546,1,215.371477,1,213.932773,1,216.464667,1,213.452535,1,214.878606,1,214.665573,1,27.174391,0,214.729013,1,214.648667,1,33.022680,0,213.549163,1,216.218277,1,214.942937,1
216.818019,1,24.027105,0,214.707309,1,32.468508,0,125.880374,1,215.464632,1,213.440845,1,215.885028,1,214.643080,1,216.071772,1,214.956723,1,215.813623,1,215.334214,1,214.890793,1,216.276314,1,214.981367,1,213.976441,1,22.789009,0,216.811934,1,33.408919,0,213.793458,1,215.942638,1,213.569402,1,214.178119,1,213.911871,1,214.942990,1,215.152551,1,217.076400,1,215.112638,1,215.216931,1
214.217824,1,215.371909,1,215.697179,1,214.150939,1,213.775598,1,32.448537,0,214.130655,1,217.855519,1,217.329050,1,215.932959,1,216.702651,1,124.052589,1,214.274329,1,215.179628,1,214.981435,1,23.608074,0,215.671072,1,217.690007,1,215.940973,1,216.601964,1,214.694203,1,214.321695,1,213.774765,1,213.322036,1,216.617329,1,216.618673,1,213.646425,1,32.422117,0,216.803993,1,123.088534,1
218.050840,1,32.730712,0,214.444355,1,214.894938,1,32.625425,0,216.870564,1,217.352002,1,214.892528,1,215.223284,1,214.326205,1,214.046549,1,30.191750,0,214.887583,1,213.860194,1,34.224690,0,215.395500,1,120.700570,1,217.026471,1,214.109951,1,213.536218,1,217.765507,1,214.770009,1,217.339091,1,28.650391,0,217.527019,1,214.032327,1,215.094965,1,213.892001,1,218.024401,1,214.166675,1
25.846831,0,213.934336,1,213.606455,1,25.285141,0,213.406755,1,215.413124,1,123.721130,1,214.486388,1,27.198800,0,29.520004,0,28.930621,0,214.149155,1,213.403268,1,29.987557,0,124.753648,1,29.829257,0,29.630039,0,214.656045,1,215.030347,1,28.222323,0,26.403148,0,118.440231,1,25.086856,0,29.115333,0,26.777006,0,123.685961,1,214.352377,1,214.694870,1,213.711425,1,214.492807,1
28.367268,0,124.005243,1,214.128408,1,214.613177,1,213.190866,1,213.736644,1,213.344920,1,31.481896,0,27.248722,0,30.057948,0,213.652498,1,28.549886,0,25.732670,0,125.328600,1,214.160878,1,213.997551,1,213.599668,1,215.063467,1,29.801675,0,28.002866,0,29.451399,0,213.650636,1,214.419609,1,29.894319,0,27.948557,0,27.400835,0,213.812220,1,214.976580,1,214.289627,1,28.851933,0
214.252554,1,214.110799,1,214.030756,1,28.686069,0,29.282511,0,28.262384,0,24.945858,0,214.086584,1,214.751775,1,30.912714,0,27.820195,0,27.803987,0,32.075184,0,214.286861,1,26.447889,0,28.470472,0,26.997365,0,214.253288,1,27.936018,0,214.646639,1,214.063185,1,28.940637,0,26.136110,0,214.217031,1,214.205410,1,213.997209,1,214.396198,1,26.123612,0,29.469551,0,27.457515,0
214.538188,1,29.734296,0,29.245169,0,214.027183,1,213.343762,1,29.225848,0,27.292611,0,213.947437,1,27.413238,0,214.478029,1,213.693169,1,216.219043,1,28.239472,0,216.164651,1,214.060934,1,214.590932,1,214.452287,1,214.119007,1,29.468514,0,213.696004,1,29.639489,0,124.635097,1,214.953940,1,214.116115,1,214.311102,1,27.503538,0,26.417520,0,213.978151,1,29.642779,0,29.426636,0
214.785001,1,25.145502,0,309.467131,1,119.531284,1,214.278568,1,124.152925,1,27.566472,0,215.127051,1,215.093164,1,213.480254,1,214.982421,1,214.085312,1,28.578221,0,28.476441,0,28.883843,0,213.839776,1,213.819553,1,29.142656,0,29.146814,0,214.946620,1,31.544258,0,213.736615,1,29.265634,0,23.849908,0,25.730017,0,214.049664,1,216.037872,1,215.043580,1,214.812459,1,29.896260,0
214.738247,1,26.625010,0,213.496685,1,214.155022,1,215.156990,1,215.629594,1,214.002937,1,213.569683,1,214.552412,1,216.702031,1,213.691363,1,214.186770,1,214.935534,1,213.985174,1,28.482161,0,214.943354,1,26.243981,0,125.255928,1,215.505183,1,26.956831,0,215.199768,1,214.307518,1,214.677650,1,28.328281,0,214.463555,1,29.721913,0,214.303770,1,215.073818,1,28.021236,0,25.714348,0
213.424800,1,215.356694,1,215.162940,1,213.230728,1,213.874369,1,217.361372,1,215.122488,1,215.029088,1,308.896205,1,213.323069,1,214.478550,1,118.834238,1,215.134823,1,216.053704,1,215.761879,1,217.612518,1,215.405514,1,216.585403,1,216.763194,1,215.300940,1,215.296069,1,216.080660,1,32.279585,0,215.075847,1,216.253924,1,215.099193,1,214.213422,1,213.420988,1,28.142850,0,214.335803,1
214.834414,1,32.101042,0,214.132902,1,216.748956,1,213.827700,1,215.443896,1,217.160563,1,214.162129,1,214.843877,1,213.791852,1,214.773684,1,213.803257,1,214.449228,1,213.689705,1,215.917076,1,213.681584,1,214.911971,1,214.750095,1,214.951580,1,215.981600,1,216.395571,1,215.016343,1,216.220273,1,28.758659,0,214.021607,1,214.686327,1,216.616421,1,33.122535,0,32.563955,0,215.691885,1
213.700163,1,214.488668,1,215.749537,1,213.882031,1,214.114683,1,213.831926,1,214.868386,1,216.215507,1,213.612583,1,215.089042,1,214.298711,1,214.132019,1,217.006415,1,214.751186,1,215.346299,1,214.586814,1,215.143292,1,214.178735,1,216.646052,1,215.990463,1,217.644347,1,215.631401,1,214.454754,1,122.605139,1,214.463281,1,215.637637,1,213.889279,1,214.750679,1,214.262552,1,216.303359,1
214.741802,1,28.700067,0,215.877522,1,217.059778,1,214.238059,1,217.183696,1,214.315068,1,119.285998,1,217.098088,1,214.824478,1,216.307638,1,215.580013,1,217.642017,1,28.689916,0,214.873800,1,215.773273,1,215.690817,1,213.895400,1,216.329208,1,214.853698,1,213.160441,1,217.632520,1,124.483079,1,214.933614,1,214.253873,1,26.209611,0,214.942486,1,215.423039,1,214.108378,1,214.712599,1
119.952026,1,215.670704,1,217.701347,1,215.589600,1,215.311609,1,118.832817,1,32.937244,0,214.715083,1,213.939256,1,32.466199,0,215.578388,1,215.696862,1,215.601197,1,213.875423,1,217.827065,1,213.468921,1,217.455400,1,124.936804,1,215.848128,1,215.011878,1,216.914717,1,215.262352,1,214.164676,1,217.466606,1,214.423904,1,118.760319,1,217.162371,1,216.359241,1,216.374780,1,217.371569,1
217.057482,1,215.060111,1,216.121039,1,214.088597,1,215.798563,1,215.910973,1,217.465332,1,215.284937,1,310.066728,1,213.796498,1,214.116890,1,213.771468,1,28.444892,0,213.797014,1,216.124204,1,216.835197,1,215.049022,1,214.228761,1,214.358044,1,214.745632,1,32.556271,0,214.184427,1,214.318129,1,214.961091,1,217.534547,1,216.423112,1,121.538892,1,214.436157,1,216.607113,1,216.442514,1
214.461705,1,33.525042,0,215.052483,1,213.654293,1,214.240203,1,215.817654,1,216.661570,1,216.019599,1,216.357039,1,215.500045,1,121.787368,1,214.296766,1,215.844095,1,32.945014,0,213.773684,1,216.104938,1,213.812984,1,215.348698,1,214.903977,1,215.193012,1,216.149603,1,216.596183,1,214.387595,1,216.189859,1,215.361031,1,215.653746,1,213.717164,1,217.946940,1,214.883638,1,215.087398,1
33.002414,0,213.716345,1,214.208932,1,215.517488,1,213.992886,1,216.470457,1,215.108842,1,215.741828,1,213.669384,1,213.610886,1,217.377521,1,213.362199,1,217.812373,1,216.072350,1,213.609678,1,217.158276,1,215.529729,1,32.446910,0,216.466287,1,213.772145,1,214.655603,1,217.165467,1,216.891566,1,214.157564,1,214.203253,1,214.637798,1,215.575370,1,217.486214,1,215.442884,1,214.302071,1
123.367155,1,120.306886,1,215.365919,1,216.136914,1,214.999171,1,215.390223,1,216.951673,1,214.131669,1,214.280425,1,216.203425,1,215.156299,1,214.424160,1,215.349186,1,217.600756,1,214.402913,1,24.174443,0,309.135302,1,214.073955,1,217.283362,1,214.254109,1,27.584350,0,213.782032,1,216.475238,1,217.706273,1,119.092073,1,216.461109,1,119.108271,1,215.937520,1,216.113658,1,214.137604,1
214.129721,1,213.384262,1,213.911327,1,215.949418,1,28.587492,0,215.913588,1,214.412440,1,217.699639,1,214.285911,1,213.528692,1,217.264109,1,214.589992,1,215.833044,1,217.469473,1,214.968920,1,214.859161,1,124.713932,1,216.575820,1,215.193295,1,32.795543,0,214.778894,1,216.241641,1,217.418129,1,217.050600,1,124.628091,1,214.139543,1,216.267960,1,216.619174,1,217.866416,1,215.992048,1
214.707944,1,216.049638,1,214.340494,1,32.927273,0,213.985182,1,215.981500,1,215.169953,1,214.470246,1,215.067379,1,217.289271,1,217.129294,1,215.491241,1,215.856892,1,215.225398,1,33.205578,0,217.551978,1,213.778158,1,122.709359,1,216.256129,1,216.345877,1,216.111976,1,22.828045,0,217.099417,1,215.235530,1,126.937567,1,215.585782,1,213.942972,1,214.191056,1,215.722115,1,215.376556,1
217.495803,1,123.208612,1,214.554154,1,213.874421,1,215.513874,1,214.418187,1,213.409497,1,33.146211,0,214.279353,1,215.093759,1,216.139791,1,216.569436,1,217.017598,1,217.352891,1,216.673783,1,214.365685,1,214.651777,1,215.424181,1,217.396498,1,216.565919,1,216.286123,1,213.979640,1,213.974231,1,213.796533,1,213.542921,1,213.958474,1,213.934072,1,309.889132,1,213.760722,1,216.749787,1
214.183049,1,215.786499,1,213.769949,1,214.645783,1,214.028584,1,30.131686,0,214.306235,1,215.587857,1,213.946674,1,216.202695,1,216.984418,1,32.855111,0,214.291307,1,213.961031,1,214.717049,1,215.807468,1,214.377001,1,217.000970,1,215.266661,1,213.716846,1,215.711660,1,214.713948,1,215.710193,1,213.420403,1,215.870356,1,217.431593,1,215.593446,1,213.538151,1,214.681044,1,215.589900,1
215.539754,1,215.444427,1,216.256623,1,216.540923,1,214.266381,1,215.254159,1,23.424184,0,216.085549,1,213.929138,1,118.814453,1,217.122710,1,216.000325,1,215.551262,1,214.398118,1,214.528482,1,215.641345,1,124.927879,1,214.712890,1,214.106156,1,120.497487,1,213.965599,1,217.945368,1,217.728082,1,214.058093,1,215.102193,1,215.874995,1,214.504713,1,119.878966,1,214.446154,1,214.850704,1
217.214127,1,214.845111,1,213.617977,1,216.284868,1,214.361037,1,214.070140,1,214.515990,1,213.939688,1,217.128872,1,216.579122,1,217.419085,1,213.376310,1,215.782931,1,215.974048,1,214.775132,1,215.010526,1,32.789721,0,217.599931,1,214.055084,1,214.810216,1,214.150184,1,214.176683,1,216.357769,1,217.298616,1,215.153878,1,217.075526,1,214.516876,1,216.053312,1,215.757270,1,215.904425,1
217.785949,1,214.185452,1,215.401809,1,214.768497,1,214.240802,1,214.882374,1,214.037884,1,214.366163,1,214.018952,1,214.714877,1,213.627782,1,214.051007,1,214.884501,1,216.600717,1,213.980116,1,217.959742,1,216.698172,1,217.229800,1,214.239004,1,217.427400,1,217.374894,1,213.822098,1,214.351367,1,215.735385,1,217.150624,1,33.320838,0,214.519069,1,216.090218,1,214.524036,1,215.437344,1
121.289828,1,216.878564,1,215.445152,1,214.148127,1,215.277019,1,214.020885,1,213.928715,1,213.582766,1,213.525259,1,214.707150,1,216.206627,1,214.431602,1,213.590488,1,215.343331,1,213.311234,1,216.686804,1,216.958380,1,216.449664,1,215.070972,1,213.912274,1,213.582061,1,215.215301,1,215.629944,1,25.725318,0,215.296350,1,217.031371,1,214.906496,1,214.118546,1,214.331646,1,215.583915,1
213.704609,1,214.117738,1,215.489486,1,214.392966,1,214.456516,1,118.931485,1,214.728076,1,213.936950,1,215.161417,1,214.396996,1,216.004952,1,216.075527,1,31.944496,0,214.063466,1,217.257425,1,213.565674,1,214.239842,1,213.845250,1,215.076014,1,217.541585,1,214.527667,1,216.665316,1,213.900805,1,214.871670,1,217.613119,1,216.555891,1,216.302062,1,215.459304,1,215.008178,1,216.924588,1
216.545771,1,213.931968,1,31.276090,0,214.043981,1,217.454721,1,213.908782,1,216.188797,1,214.528992,1,215.878820,1,216.797861,1,215.363277,1,215.836911,1,214.368239,1,33.030183,0,214.206699,1,214.992667,1,215.963887,1,215.633800,1,214.034327,1,215.361808,1,217.104183,1,214.461735,1,215.996454,1,213.450311,1,32.826445,0,215.877529,1,214.547235,1,217.420619,1,216.335052,1,215.384469,1
215.113773,1,35.079718,0,217.219560,1,214.335916,1,216.892121,1,215.343469,1,214.057941,1,216.789937,1,217.326079,1,213.718834,1,215.142280,1,118.633285,1,214.593379,1,213.652559,1,214.531831,1,213.925599,1,213.610152,1,214.219945,1,214.380559,1,217.069401,1,118.025916,1,214.658697,1,215.201640,1,214.199783,1,32.641705,0,213.854858,1,123.486601,1,26.652911,0,214.051482,1,32.654343,0
31.930034,0,119.061902,1,214.835686,1,215.647605,1,214.732984,1,213.889133,1,216.121489,1,217.694267,1,119.321294,1,217.107941,1,214.943886,1,213.560342,1,214.330483,1,120.468046,1,217.053511,1,216.810492,1,215.558724,1,215.588973,1,214.370238,1,215.575605,1,311.321535,1,28.944535,0,217.925063,1,217.556499,1,214.035353,1,216.491075,1,216.973007,1,214.389288,1,216.525804,1,214.106026,1
214.259622,1,214.894925,1,216.206730,1,216.021913,1,214.576054,1,217.704929,1,215.932912,1,33.019983,0,216.016370,1,215.520440,1,215.991604,1,214.384826,1,216.352679,1,214.472315,1,216.574932,1,216.520049,1,215.202003,1,214.376346,1,214.171842,1,216.104143,1,215.918144,1,214.677496,1,217.474262,1,213.534397,1,214.030996,1,215.620374,1,28.374525,0,217.590100,1,214.097833,1,216.216453,1
215.227382,1,214.892259,1,215.146262,1,214.439558,1,214.424918,1,214.748269,1,32.996706,0,32.385050,0,214.882900,1,215.602414,1,216.316829,1,214.391796,1,213.462081,1,216.704146,1,215.271815,1,125.019946,1,214.385755,1,215.151906,1,32.654090,0,118.677862,1,118.996835,1,214.314875,1,214.857488,1,214.157258,1,215.186727,1,214.146638,1,215.710792,1,214.949000,1,214.005148,1,215.083117,1
118.851054,1,213.194963,1,214.627805,1,215.904310,1,213.357188,1,217.491517,1,214.126619,1,213.972589,1,215.827183,1,216.526742,1,216.284057,1,217.702947,1,33.650345,0,216.870995,1,215.670103,1,216.262998,1,214.907312,1,215.169022,1,216.582072,1,213.540697,1,215.807275,1,217.573985,1,217.189735,1,215.128683,1,120.782763,1,214.248508,1,213.981297,1,27.454550,0,214.489773,1,217.256766,1
26.791019,0,217.004785,1,215.971995,1,215.173893,1,22.273117,0,311.358549,1,215.776346,1,213.493853,1,214.257275,1,216.131107,1,119.106289,1,213.565204,1,214.834784,1,121.680719,1,215.894904,1,214.784689,1,215.120129,1,214.025385,1,214.104597,1,216.625868,1,215.381389,1,214.861097,1,214.916036,1,32.626179,0,217.107368,1,214.581004,1,217.188344,1,214.696499,1,217.241109,1,217.963534,1
217.385490,1,215.363756,1,216.040842,1,217.750365,1,214.897599,1,216.194762,1,213.297996,1,215.988732,1,217.607592,1,213.630081,1,213.629571,1,214.781285,1,215.742308,1,119.277390,1,216.738026,1,216.296553,1,213.598077,1,214.817391,1,213.711137,1,216.122687,1,217.534927,1,217.901491,1,215.726176,1,216.728667,1,216.880404,1,214.851850,1,214.618403,1,217.828203,1,215.917081,1,214.483315,1
121.204831,1,214.327812,1,215.938968,1,214.334611,1,213.780235,1,33.606733,0,214.083833,1,216.182928,1,213.258252,1,125.938116,1,214.321706,1,217.220297,1,309.582364,1,215.243367,1,215.043728,1,216.321685,1,217.767631,1,216.688399,1,217.925146,1,213.873223,1,216.334721,1,214.336506,1,214.531694,1,214.797892,1,214.956313,1,215.368913,1,309.350061,1,216.280924,1,124.115310,1,217.718607,1
122.105825,1,217.945474,1,215.435922,1,214.964072,1,28.639827,0,119.684184,1,214.074690,1,214.808914,1,213.229281,1,214.998702,1,214.244191,1,217.231168,1,213.792044,1,215.537902,1,215.395110,1,214.429769,1,213.838542,1,215.142929,1,214.006211,1,216.673573,1,214.524861,1,216.278435,1,214.572295,1,28.445907,0,213.966189,1,216.098306,1,215.035391,1,118.819177,1,215.910698,1,213.915590,1
215.389113,1,214.692835,1,217.752155,1,215.352871,1,216.989588,1,213.359387,1,214.985445,1,217.451451,1,213.862968,1,214.598220,1,216.172973,1,215.198532,1,24.263170,0,214.071501,1,215.359499,1,213.919529,1,217.382272,1,215.767826,1,216.351144,1,214.095623,1,214.972397,1,216.556761,1,213.478430,1,213.832206,1,214.850484,1,214.500842,1,121.605500,1,215.433104,1,213.726320,1,32.654540,0
215.092900,1,214.519238,1,215.809806,1,215.819855,1,213.558377,1,214.333606,1,217.575820,1,214.616176,1,215.399989,1,33.041078,0,214.628277,1,217.059192,1,214.062787,1,32.569323,0,215.901255,1,216.527403,1,217.064858,1,214.492013,1,214.223915,1,214.956137,1,214.249253,1,214.129208,1,32.976996,0,217.710739,1,33.258016,0,216.696932,1,213.888582,1,214.036261,1,217.473696,1,214.130576,1
215.162701,1,217.393185,1,216.595304,1,216.244686,1,213.919143,1,214.789095,1,215.992340,1,215.025533,1,213.782425,1,32.731996,0,217.848570,1,217.781611,1,214.948024,1,213.580195,1,214.311338,1,213.676758,1,32.786945,0,217.375319,1,216.315156,1,214.262504,1,214.383646,1,215.273606,1,216.356816,1,214.624846,1,216.518000,1,213.560855,1,28.661509,0,215.337074,1,217.641597,1,214.394579,1
216.787553,1,215.643327,1,214.127188,1,214.086792,1,216.059660,1,214.114947,1,214.230310,1,214.933563,1,215.561591,1,214.026653,1,214.077307,1,214.122005,1,214.536072,1,215.271629,1,22.618931,0,214.148367,1,214.840959,1,214.110469,1,214.207546,1,213.419659,1,214.243924,1,214.954049,1,215.540475,1,214.258912,1,214.917490,1,214.629216,1,216.694013,1,217.205815,1,214.660494,1,214.136186,1
215.741709,1,214.244391,1,217.347670,1,215.597231,1,33.175123,0,214.290060,1,214.711406,1,215.770292,1,214.600920,1,215.496979,1,216.639978,1,217.722930,1,32.894561,0,214.100106,1,215.406497,1,214.905384,1,214.074761,1,215.850644,1,215.437136,1,215.269989,1,214.490421,1,214.103538,1,214.084508,1,217.957319,1,213.935930,1,216.215308,1,217.785812,1,216.989698,1,214.400251,1,214.373261,1
214.164720,1,216.371957,1,217.205269,1,214.723151,1,214.551567,1,213.900471,1,216.759690,1,217.615535,1,213.645154,1,122.991107,1,215.616994,1,309.796256,1,216.830041,1,215.288162,1,215.714151,1,216.125184,1,215.444113,1,216.703138,1,214.916094,1,214.561825,1,215.547647,1,120.047846,1,213.213601,1,22.624259,0,214.089066,1,217.211165,1,213.680969,1,214.095603,1,215.500424,1,216.831128,1
215.944628,1,214.190220,1,213.842951,1,214.569292,1,214.454270,1,216.749981,1,214.391598,1,215.015488,1,23.349398,0,215.664976,1,216.561001,1,215.150673,1,217.675489,1,213.674569,1,215.762120,1,215.976037,1,215.193122,1,216.452380,1,213.425503,1,215.433858,1,215.343140,1,214.502430,1,216.419722,1,213.830231,1,215.051349,1,214.807303,1,215.244865,1,217.236360,1,214.439027,1,216.228038,1
